Ma_Hoa_Don,Ten_San_Pham
INV02913,desktop
INV00848,smartphone
INV09235,notebook
INV03026,keyboard
INV00690,desktop
INV09769,tablet
INV09000,monitor
INV03740,headphone
INV03774,tablet
INV01796,keyboard
INV05138,notebook
INV07545,monitor
INV02110,keyboard
INV04428,smartphone
INV01360,clocks
INV05346,headphone
INV01910,notebook
INV03633,keyboard
INV04242,
INV06769,desktop
INV01189,mouse
INV04970,keyboard
INV08501,smartphone
INV09304,headphone
INV02559,desktop
INV00009,monitor
INV00702,notebook
INV00485,headphone
INV08176,smartphone
INV00842,smartphone
INV02112,keyboard
INV06574,mouse
INV04427,notebook
INV07569,clocks
INV08762,keyboard
INV04844,clocks
INV03893,mouse
INV01200,smartphone
INV07556,clocks
INV04531,clocks
INV02978,notebook
INV00002,smartphone
INV01928,headphone
INV05651,notebook
INV09969,mouse
INV04140,notebook
INV09854,clocks
INV07703,mouse
INV01370,keyboard
INV00374,mouse
INV09758,notebook
INV03570,tablet
INV02659,headphone
INV04231,keyboard
INV09115,keyboard
INV09430,mouse
INV03148,clocks
INV09849,desktop
INV02292,smartphone
INV05235,printer
INV02561,mouse
INV03099,headphone
INV03075,mause
INV03869,headphone
INV02653,notebook
INV05061,headphone
INV07321,smartphone
INV06892,monitor
INV03636,keyboard
INV03711,mouse
INV06744,keyboard
INV02114,monitor
INV06145,smartphone
INV07874,keyboard
INV08237,tablet
INV03004,mouse
INV02101,headphone
INV05084,keyboard
INV07483,mouse
INV06941,headphone
INV06124,headphone
INV01803,monitor
INV02187,headphone
INV09572,monitor
INV08798,monitor
INV06766,keyboard
INV06791,monitor
INV08437,tablet
INV03528,keyboard
INV03347,smartphone
INV01585,headphone
INV09596,monitor
INV08977,mouse
INV01288,smartphone
INV09761,notebook
INV07017,notebook
INV09478,headphone
INV03134,notebook
INV06699,keyboard
INV04594,keyboard
INV07953,clocks
INV00165,smartphone
INV08550,smartphone
INV05511,notebook
INV07413,smartphone
INV04795,monitor
INV01443,mouse
INV05128,clocks
INV04784,mause
INV01084,notebook
INV02563,headphone
INV02281,desktop
INV00932,monitor
INV00204,keyboard
INV09061,mouse
INV02608,clocks
INV01721,headphone
INV05798,monitor
INV03794,smartphone
INV07166,keyboard
INV01398,smartphone
INV01647,notebook
INV04214,monitor
INV01613,smartphone
INV03952,headphone
INV05219,headphone
INV09040,keyboard
INV09847,notebook
INV01343,mouse
INV07374,headphone
INV00966,mouse
INV05812,notebook
INV08331,mouse
INV09750,smartphone
INV05582,smartphone
INV05949,smartphone
INV02588,mouse
INV00878,desktop
INV04653,notebook
INV06330,note_book
INV01762,mouse
INV07816,headphone
INV01295,keyboard
INV05386,key_board
INV07505,notebook
INV04270,headphone
INV08698,desktop
INV06102,mouse
INV08844,mouse
INV08888,keyboard
INV07495,notebook
INV04461,notebook
INV02745,notebook
INV00789,desktop
INV03710,
INV07216,mouse
INV06233,keyboard
INV05264,keyboard
INV03994,monitor
INV09316,mouse
INV06579,smartphone
INV05369,keyboard
INV00242,headphone
INV03214,clocks
INV00272,keyboard
INV07042,mouse
INV02292,headphone
INV07660,mouse
INV09139,notebook
INV07864,mouse
INV07670,smartphone
INV04012,keyboard
INV01933,mouse
INV01067,mouse
INV04990,printer
INV01099,keyboard
INV08300,smartphone
INV08669,smartphone
INV02044,clocks
INV09706,mouse
INV00164,headphone
INV08066,mouse
INV00532,notebook
INV06681,keyboard
INV01000,headphone
INV06399,mouse
INV06360,keyboard
INV06770,mouse
INV01097,clocks
INV03350,headphone
INV04907,keyboard
INV08583,notebook
INV03280,desktop
INV04493,keyboard
INV09139,mouse
INV04097,headphone
INV01741,notebook
INV04447,smartphone
INV07195,tv
INV08486,headphone
INV07511,smartphone
INV07348,mouse
INV04043,tablet
INV04785,monitor
INV09080,keyboard
INV05704,mouse
INV03849,smartphone
INV05213,desktop
INV00243,keyboard
INV00182,headphone
INV05301,mouse
INV08328,smartphone
INV02314,mouse
INV05260,monitor
INV02261,headphone
INV08475,desktop
INV03761,mouse
INV08207,notebook
INV05232,mouse
INV06418,monitor
INV05986,smartphone
INV03311,mouse
INV03837,headphone
INV07563,monitor
INV00142,mouse
INV05024,desktop
INV08105,headphone
INV04569,clocks
INV01599,headphone
INV08968,desktop
INV07574,mouse
INV03655,mouse
INV04663,smartphone
INV05766,smartphone
INV09561,mouse
INV04666,mouse
INV07026,keyboard
INV04159,headphone
INV09911,headphone
INV08287,mouse
INV09738,headphone
INV01301,notebook
INV02193,notebook
INV04060,keyboard
INV09695,clocks
INV00588,smartphone
INV09342,desktop
INV05614,mause
INV00397,clocks
INV02753,smartphone
INV08574,headphone
INV04071,smartphone
INV06050,keyboard
INV06941,clocks
INV05995,notebook
INV09261,keyboard
INV03937,mouse
INV08991,keyboard
INV08334,smartphone
INV03671,headphone
INV09050,monitor
INV05706,
INV00274,mouse
INV05551,headphone
INV02513,notebook
INV03239,desktop
INV07155,desktop
INV01909,headphone
INV09012,notebook
INV00492,smartphone
INV03803,mouse
INV02405,notebook
INV05942,
INV02496,mouse
INV03855,headphone
INV02514,smartphone
INV00963,headphone
INV01014,notebook
INV09510,mouse
INV05389,smartphone
INV09250,notebook
INV05958,notebook
INV08256,printer
INV06196,notebook
INV09818,monitor
INV06016,notebook
INV08608,keyboard
INV06733,mouse
INV01860,desktop
INV08548,smartphone
INV07807,mouse
INV05191,monitor
INV05081,printer
INV02595,
INV03577,mouse
INV08233,clocks
INV02960,desktop
INV04107,clocks
INV09762,headphone
INV05754,desktop
INV03046,smartphone
INV06865,desktop
INV04470,keyboard
INV09892,keyboard
INV05683,headphone
INV07669,monitor
INV06092,headphone
INV06420,smartphone
INV00734,keyboard
INV08441,mouse
INV00114,keyboard
INV05701,smartphone
INV01117,mouse
INV05058,keyboard
INV08837,notebook
INV07333,keyboard
INV08774,tablet
INV04019,mouse
INV07649,notebook
INV07739,monitor
INV04119,keyboard
INV08859,smartphone
INV03267,headphone
INV06939,notebook
INV01335,mouse
INV02789,mouse
INV01027,clocks
INV04089,smartphone
INV06585,monitor
INV09621,keyboard
INV08549,mouse
INV01631,smartphone
INV00806,keyboard
INV06634,smartphone
INV03490,keyboard
INV09806,smartphone
INV06290,keyboard
INV03978,monitor
INV03895,headphone
INV06026,notebook
INV03318,smartphone
INV06006,smartphone
INV06088,
INV09795,monitor
INV06824,notebook
INV02981,smartphone
INV04728,notebook
INV03702,clocks
INV01648,notebook
INV06753,smartphone
INV07194,desktop
INV08087,smartphone
INV05482,headphone
INV06335,headphone
INV03090,headphone
INV02613,keyboard
INV02736,headphone
INV05470,mouse
INV03589,desktop
INV07739,mouse
INV02147,printer
INV05911,smartphone
INV07946,monitor
INV02589,desktop
INV07574,notebook
INV08948,mouse
INV01225,notebook
INV05856,notebook
INV00836,mouse
INV06360,monitor
INV00990,notebook
INV00778,mouse
INV06436,smartphone
INV04066,desktop
INV08804,smartphone
INV02461,mouse
INV06150,smartphone
INV04791,smartphone
INV07701,mouse
INV00428,notebook
INV09656,smartphone
INV04893,monitor
INV01802,mouse
INV01823,clocks
INV06963,smartphone
INV07735,notebook
INV04855,tv
INV03240,smartphone
INV03416,keyboard
INV03575,headphone
INV01042,notebook
INV05581,notebook
INV07626,mouse
INV06756,notebook
INV08708,monitor
INV03419,
INV06803,smartphone
INV01784,mouse
INV02733,monitor
INV05111,monitor
INV07319,notebook
INV01457,keyboard
INV02612,notebook
INV01459,mouse
INV09765,headphone
INV01789,smartphone
INV01911,notebook
INV07830,headphone
INV02812,mouse
INV05260,keyboard
INV03919,monitor
INV03409,smartphone
INV03164,monitor
INV04907,monitor
INV02918,clocks
INV04717,headphone
INV03206,mouse
INV03454,desktop
INV07111,notebook
INV01246,notebook
INV00999,clocks
INV06204,keyboard
INV04044,monitor
INV06762,headphone
INV02882,mouse
INV06412,desktop
INV06244,clocks
INV06041,smartphone
INV09981,keyboard
INV04087,mouse
INV07212,desktop
INV05304,headphone
INV02496,keyboard
INV06934,mouse
INV07299,notebook
INV05541,mouse
INV09290,headphone
INV00352,mouse
INV05311,printer
INV05353,smartphone
INV09041,mouse
INV06137,monitor
INV01915,notebook
INV07081,notebook
INV06735,clocks
INV08457,mouse
INV00214,mouse
INV06046,clocks
INV06541,desktop
INV04785,desktop
INV04492,smartphone
INV00566,clocks
INV01036,desktop
INV05788,notebook
INV09274,keyboard
INV03784,monitor
INV07239,tablet
INV05073,clocks
INV00369,mouse
INV03920,notebook
INV00756,notebook
INV09984,headphone
INV02424,smartphone
INV04395,note_book
INV00134,desktop
INV08410,mouse
INV03363,smartphone
INV08726,smartphone
INV06153,notebook
INV04176,smartphone
INV06127,printer
INV08439,smartphone
INV05836,desktop
INV07972,headphone
INV00768,clocks
INV01674,mouse
INV06238,smartphone
INV01981,desktop
INV05227,keyboard
INV05717,smartphone
INV09794,notebook
INV07954,smartphone
INV01354,notebook
INV00877,desktop
INV01316,mouse
INV09901,keyboard
INV01093,keyboard
INV00286,headphone
INV03392,headphone
INV03550,smartphone
INV04403,clocks
INV09917,headphone
INV04311,notebook
INV02638,notebook
INV04167,mouse
INV04023,notebook
INV03657,keyboard
INV06286,keyboard
INV04984,notebook
INV04336,keyboard
INV01721,clocks
INV03698,clocks
INV02040,headphone
INV04093,mouse
INV05082,smartphone
INV07115,keyboard
INV01182,keyboard
INV01873,monitor
INV07094,note_book
INV07497,smartphone
INV04623,notebook
INV06731,desktop
INV06628,headphone
INV09585,mouse
INV07911,tablet
INV05450,smartphone
INV06736,note_book
INV09925,mouse
INV02905,monitor
INV06898,keyboard
INV06394,smartphone
INV02145,desktop
INV07969,mouse
INV02820,desktop
INV09384,headphone
INV09382,clocks
INV07584,monitor
INV05200,mouse
INV05543,mouse
INV01484,clocks
INV03471,monitor
INV06342,smartphone
INV04551,headphone
INV05267,notebook
INV06814,mouse
INV02126,desktop
INV09127,desktop
INV04691,notebook
INV00692,keyboard
INV06693,desktop
INV07882,smartphone
INV00132,mouse
INV07559,desktop
INV02152,mouse
INV05389,headphone
INV09362,headphone
INV09506,clocks
INV08779,notebook
INV07648,smartphone
INV06427,mouse
INV04740,headphone
INV00577,smartphone
INV09652,smartphone
INV03705,mouse
INV07578,smartphone
INV01203,smartphone
INV07911,smartphone
INV08493,smartphone
INV07415,headphone
INV07642,mouse
INV06187,desktop
INV03179,keyboard
INV06737,headphone
INV05261,mouse
INV09857,printer
INV04564,keyboard
INV03832,notebook
INV01087,clocks
INV09892,monitor
INV09383,mause
INV03946,tablet
INV07453,
INV03261,monitor
INV04959,headphone
INV02041,headphone
INV07685,headphone
INV07096,smartphone
INV09547,notebook
INV06160,mouse
INV03501,keyboard
INV04681,smartphone
INV00316,mouse
INV05999,mouse
INV07787,monitor
INV02342,mouse
INV08174,tablet
INV03806,notebook
INV07089,headphone
INV00773,mouse
INV06977,
INV01545,monitor
INV08746,printer
INV00951,smartphone
INV04335,smartphone
INV07647,mouse
INV05104,notebook
INV00547,desktop
INV09924,desktop
INV01091,monitor
INV05290,notebook
INV09653,monitor
INV08747,mouse
INV02799,smartphone
INV03270,notebook
INV01057,desktop
INV04785,keyboard
INV01320,desktop
INV03212,smartphone
INV05902,monitor
INV04000,notebook
INV03107,keyboard
INV00346,mouse
INV05664,smartphone
INV08576,desktop
INV01986,headphone
INV08708,keyboard
INV04807,mouse
INV05295,mouse
INV04582,desktop
INV00220,clocks
INV05071,smartphone
INV09309,notebook
INV03356,desktop
INV04210,keyboard
INV06185,mouse
INV00559,notebook
INV05268,desktop
INV01334,mouse
INV02527,desktop
INV09251,headphone
INV06185,keyboard
INV09209,mouse
INV04758,notebook
INV03082,keyboard
INV00373,headphone
INV02160,notebook
INV06686,keyboard
INV07802,smartphone
INV00224,desktop
INV01010,notebook
INV05228,mouse
INV02776,notebook
INV02830,smartphone
INV03674,headphone
INV04298,mouse
INV02492,mouse
INV06050,
INV05499,desktop
INV08183,smartphone
INV03157,mouse
INV02170,tv
INV08206,keyboard
INV01150,desktop
INV04201,smartphone
INV03984,mouse
INV05857,mouse
INV07182,clocks
INV06857,smatphone
INV07710,notebook
INV07615,clocks
INV07837,keyboard
INV00270,tv
INV09315,headphone
INV03707,smartphone
INV00264,headphone
INV08987,mouse
INV00653,keyboard
INV04182,desktop
INV02972,desktop
INV04599,desktop
INV02178,keyboard
INV00712,headphone
INV02565,mouse
INV02121,clocks
INV06349,mouse
INV04396,notebook
INV08983,notebook
INV03665,smartphone
INV07205,mouse
INV07829,smartphone
INV04909,keyboard
INV06288,keyboard
INV02201,mouse
INV09808,smartphone
INV07208,smartphone
INV06920,keyboard
INV07783,desktop
INV03430,mouse
INV04842,mouse
INV09132,desktop
INV06328,headphone
INV09500,tablet
INV02386,headphone
INV08300,headphone
INV05840,smartphone
INV08096,keyboard
INV05222,printer
INV07640,mouse
INV04775,mouse
INV09753,notebook
INV02677,smartphone
INV04472,smartphone
INV01310,headphone
INV02974,
INV09342,monitor
INV03897,headphone
INV04944,headphone
INV06673,headphone
INV09187,smartphone
INV08402,notebook
INV03735,headphone
INV09349,monitor
INV07634,notebook
INV03607,notebook
INV04329,headphone
INV07615,smartphone
INV09926,smartphone
INV01701,mouse
INV06087,mouse
INV02317,notebook
INV06269,headphone
INV06321,smartphone
INV06732,notebook
INV07283,smartphone
INV07870,desktop
INV07051,mouse
INV08729,keyboard
INV04594,desktop
INV06904,headphone
INV06033,clocks
INV04054,notebook
INV09172,notebook
INV01595,smartphone
INV00304,mouse
INV07274,mouse
INV05939,smartphone
INV00748,notebook
INV07131,smartphone
INV08043,notebook
INV06767,smartphone
INV03519,desktop
INV02323,keyboard
INV08825,notebook
INV06899,headphone
INV06213,keyboard
INV08657,notebook
INV06094,smartphone
INV00582,mouse
INV08743,clocks
INV09872,notebook
INV04327,mouse
INV01756,printer
INV08379,notebook
INV00058,notebook
INV07669,mouse
INV05670,smartphone
INV01524,keyboard
INV03918,mause
INV08140,notebook
INV04223,keyboard
INV02848,keyboard
INV01044,mouse
INV05555,monitor
INV02172,headphone
INV02417,notebook
INV07321,clocks
INV07602,mouse
INV09284,mouse
INV09199,keyboard
INV09283,clocks
INV03191,headphone
INV06818,headphone
INV08086,smartphone
INV04482,smartphone
INV02599,mouse
INV07614,clocks
INV01472,headphone
INV03643,notebook
INV06472,desktop
INV08038,mouse
INV02475,tablet
INV02359,clocks
INV01520,keyboard
INV04522,headphone
INV06195,desktop
INV01698,keyboard
INV02102,smartphone
INV00627,headphone
INV09193,headphone
INV02997,notebook
INV09373,mouse
INV00816,mouse
INV00826,notebook
INV00981,headphone
INV08654,mouse
INV08596,notebook
INV05170,mouse
INV09649,keyboard
INV09217,smartphone
INV01056,smartphone
INV06863,monitor
INV03631,mouse
INV02459,mouse
INV00315,smartphone
INV01198,keyboard
INV08669,headphone
INV05504,headphone
INV08519,smartphone
INV05637,mouse
INV00567,mouse
INV05624,smartphone
INV02972,mouse
INV07476,mouse
INV03501,monitor
INV06077,smartphone
INV03164,mouse
INV06981,tv
INV09217,headphone
INV08955,desktop
INV03263,monitor
INV05021,notebook
INV00690,mouse
INV05264,notebook
INV03612,smartphone
INV08285,headphone
INV05176,mouse
INV07825,keyboard
INV00302,monitor
INV09427,clocks
INV03572,headphone
INV01999,headphone
INV03580,headphone
INV01917,monitor
INV08854,headphone
INV08700,notebook
INV09833,desktop
INV05471,smartphone
INV07564,smartphone
INV07021,keyboard
INV00219,mouse
INV08695,smartphone
INV05967,printer
INV08505,mouse
INV08026,headphone
INV05819,monitor
INV03988,notebook
INV08533,keyboard
INV04365,mouse
INV06675,notebook
INV04674,keyboard
INV07115,monitor
INV00794,notebook
INV05167,clocks
INV01703,smartphone
INV09090,smartphone
INV08197,clocks
INV02651,mouse
INV05736,smartphone
INV03690,smartphone
INV03987,smartphone
INV06127,tablet
INV00884,headphone
INV01550,notebook
INV03791,keyboard
INV02098,notebook
INV04232,mouse
INV09742,mouse
INV06339,keyboard
INV03434,desktop
INV00012,mouse
INV01366,smartphone
INV07061,mouse
INV04308,headphone
INV05383,notebook
INV05417,keyboard
INV09691,keyboard
INV01712,notebook
INV06905,notebook
INV00949,desktop
INV09958,tv
INV04393,smartphone
INV01920,mouse
INV00776,smartphone
INV05144,mouse
INV03793,smartphone
INV09287,key_board
INV06012,keyboard
INV08321,keyboard
INV03490,mouse
INV01603,monitor
INV05486,notebook
INV05682,headphone
INV08228,clocks
INV05612,smartphone
INV02866,mouse
INV04554,clocks
INV08800,headphone
INV08543,monitor
INV04523,smartphone
INV09155,notebook
INV03311,monitor
INV01523,smartphone
INV05910,monitor
INV09199,desktop
INV06566,smartphone
INV04702,smartphone
INV05184,clocks
INV02241,keyboard
INV06572,mouse
INV07301,notebook
INV01644,keyboard
INV07309,smartphone
INV07887,smartphone
INV03435,headphone
INV03650,mouse
INV08794,headphone
INV07794,desktop
INV09586,notebook
INV01126,headphone
INV08805,notebook
INV03188,keyboard
INV04252,printer
INV01411,smartphone
INV04268,clocks
INV03759,mause
INV07819,smartphone
INV07663,keyboard
INV05119,monitor
INV06417,keyboard
INV00381,keyboard
INV07425,notebook
INV03848,keyboard
INV06172,smartphone
INV01280,smartphone
INV08678,headphone
INV05221,headphone
INV03117,mouse
INV06419,mouse
INV07774,smartphone
INV00110,keyboard
INV09283,smartphone
INV02835,tablet
INV05466,headphone
INV09296,smartphone
INV05008,notebook
INV08169,mouse
INV00650,mouse
INV07878,mouse
INV06861,tv
INV09328,keyboard
INV06718,mouse
INV02763,clocks
INV02990,mouse
INV04535,headphone
INV02337,desktop
INV05238,mouse
INV04528,desktop
INV05778,smartphone
INV02182,mouse
INV07754,clocks
INV03966,smartphone
INV09600,mouse
INV05798,mouse
INV09757,mouse
INV04331,monitor
INV04021,keyboard
INV06148,smartphone
INV01847,smartphone
INV05087,smartphone
INV09073,keyboard
INV03870,desktop
INV09102,notebook
INV05804,headphone
INV09043,smartphone
INV01532,monitor
INV05691,keyboard
INV05103,tablet
INV01337,headphone
INV08967,desktop
INV09777,headphone
INV08470,smartphone
INV01539,tv
INV07692,monitor
INV05538,headphone
INV05914,headphone
INV08687,notebook
INV06746,headphone
INV06869,mouse
INV06228,smartphone
INV03515,clocks
INV01933,desktop
INV09716,desktop
INV06014,desktop
INV00759,smartphone
INV01451,smartphone
INV08059,monitor
INV04070,notebook
INV07480,keyboard
INV03064,desktop
INV08844,desktop
INV05580,smartphone
INV01998,mouse
INV01509,smartphone
INV04133,keyboard
INV03953,clocks
INV08403,notebook
INV02319,notebook
INV07763,desktop
INV00373,smartphone
INV08767,headphone
INV01369,desktop
INV08865,desktop
INV07905,clocks
INV05378,keyboard
INV06227,desktop
INV01589,keyboard
INV02093,smartphone
INV05743,keyboard
INV02746,monitor
INV03325,tv
INV03357,printer
INV06959,mouse
INV04651,desktop
INV06403,headphone
INV01551,smartphone
INV09637,mouse
INV04976,tv
INV09435,clocks
INV04712,clocks
INV03225,mouse
INV07330,headphone
INV00909,keyboard
INV02388,desktop
INV00973,smartphone
INV09512,smartphone
INV03788,smartphone
INV07907,notebook
INV01160,keyboard
INV05581,mouse
INV05295,notebook
INV00190,mouse
INV07849,notebook
INV01542,tablet
INV03242,monitor
INV07226,smartphone
INV07488,desktop
INV07217,smartphone
INV05910,desktop
INV00297,smartphone
INV00993,monitor
INV09893,smartphone
INV01181,desktop
INV03140,keyboard
INV01206,mouse
INV00062,keyboard
INV04291,keyboard
INV00983,headphone
INV03619,headphone
INV02944,smartphone
INV04923,mouse
INV03722,mouse
INV04244,smartphone
INV08441,desktop
INV01966,note_book
INV00202,notebook
INV05579,tablet
INV09247,keyboard
INV03344,headphone
INV08968,keyboard
INV09922,headphone
INV01033,headphone
INV02384,notebook
INV05143,keyboard
INV09562,smartphone
INV07197,notebook
INV00117,desktop
INV04191,headphone
INV08835,notebook
INV01814,clocks
INV05477,clocks
INV02934,mouse
INV03079,headphone
INV08929,desktop
INV09144,headphone
INV05408,smartphone
INV07958,keyboard
INV06022,tablet
INV01843,mouse
INV07015,notebook
INV02942,smartphone
INV00149,monitor
INV06449,mouse
INV07597,keyboard
INV02756,desktop
INV02650,headphone
INV01244,mouse
INV03180,mouse
INV04016,headphone
INV07126,desktop
INV00794,keyboard
INV01253,mouse
INV06166,mouse
INV05541,keyboard
INV08097,mouse
INV02200,notebook
INV01029,headphone
INV09980,headphone
INV04229,clocks
INV02917,mouse
INV08672,mouse
INV09676,keyboard
INV01967,monitor
INV07530,desktop
INV00336,notebook
INV05813,monitor
INV08306,headphone
INV05773,monitor
INV06874,smartphone
INV03375,notebook
INV00796,desktop
INV00865,keyboard
INV04954,headphone
INV01801,keyboard
INV06057,keyboard
INV03139,smartphone
INV09521,notebook
INV05721,monitor
INV09674,smartphone
INV07060,notebook
INV07119,monitor
INV08670,mouse
INV06135,smatphone
INV00802,smartphone
INV01589,mouse
INV08926,headphone
INV01487,notebook
INV02094,mouse
INV04433,clocks
INV07221,mouse
INV05236,headphone
INV01269,desktop
INV06097,mouse
INV02841,smartphone
INV02071,smartphone
INV06953,mouse
INV04805,printer
INV07173,tablet
INV00817,monitor
INV04525,keyboard
INV03921,smartphone
INV04649,mouse
INV08366,monitor
INV08077,smartphone
INV04530,monitor
INV06762,smartphone
INV03809,keyboard
INV05881,mouse
INV08561,mouse
INV00839,headphone
INV00711,mouse
INV03634,smartphone
INV02856,notebook
INV05950,headphone
INV02367,mouse
INV07304,monitor
INV02174,notebook
INV08732,desktop
INV09247,notebook
INV05694,mouse
INV00312,smartphone
INV01770,mouse
INV05558,desktop
INV00580,headphone
INV01214,clocks
INV00625,headphone
INV08251,clocks
INV01402,notebook
INV08598,
INV09316,desktop
INV05830,keyboard
INV04587,keyboard
INV08085,headphone
INV00491,clocks
INV09322,desktop
INV03653,notebook
INV04958,headphone
INV09160,mouse
INV02805,notebook
INV02222,headphone
INV09077,notebook
INV01092,clocks
INV08203,printer
INV08816,smartphone
INV07955,headphone
INV05923,monitor
INV04402,monitor
INV05250,smartphone
INV02828,smartphone
INV04157,note_book
INV05312,mouse
INV02367,notebook
INV06119,desktop
INV02833,clocks
INV08781,smartphone
INV08269,monitor
INV00939,smartphone
INV09347,headphone
INV07159,headphone
INV05244,mouse
INV00278,clocks
INV01294,headphone
INV06307,keyboard
INV02791,smartphone
INV05281,clocks
INV09881,notebook
INV02287,desktop
INV09149,clocks
INV09267,smatphone
INV04826,keyboard
INV09250,
INV04675,mouse
INV04058,keyboard
INV06752,mouse
INV07088,notebook
INV04872,mouse
INV06787,smartphone
INV05436,notebook
INV04484,mouse
INV06628,smartphone
INV01502,notebook
INV08595,keyboard
INV06505,notebook
INV03100,
INV08672,notebook
INV04612,smartphone
INV08444,notebook
INV00114,mouse
INV06254,monitor
INV05278,notebook
INV02289,clocks
INV04460,mouse
INV06988,mouse
INV00609,notebook
INV07965,smartphone
INV05976,mouse
INV07473,smartphone
INV00904,monitor
INV02201,monitor
INV09190,notebook
INV00907,mouse
INV04473,mause
INV08956,smartphone
INV09987,notebook
INV07076,headphone
INV04153,monitor
INV00595,smartphone
INV00353,notebook
INV06833,notebook
INV04893,desktop
INV00141,keyboard
INV09937,printer
INV04933,notebook
INV05785,monitor
INV08234,clocks
INV04935,desktop
INV05177,keyboard
INV04662,smartphone
INV03373,headphone
INV00833,smartphone
INV06930,notebook
INV07138,notebook
INV03190,headphone
INV07721,headphone
INV00488,smartphone
INV08602,clocks
INV08099,notebook
INV08598,smartphone
INV08845,desktop
INV02694,notebook
INV06087,keyboard
INV06556,smartphone
INV03393,smartphone
INV05494,headphone
INV03025,mouse
INV09821,notebook
INV01001,smartphone
INV05419,mouse
INV09712,headphone
INV04840,headphone
INV01611,smartphone
INV05843,mouse
INV01015,monitor
INV09432,mouse
INV01874,mouse
INV01604,keyboard
INV04933,mouse
INV07181,monitor
INV03487,desktop
INV04820,
INV08000,smartphone
INV03038,notebook
INV04175,clocks
INV05344,mouse
INV00591,mouse
INV06072,notebook
INV00766,notebook
INV07881,headphone
INV01226,mouse
INV06013,notebook
INV08763,headphone
INV09443,mouse
INV06688,
INV07733,notebook
INV08564,notebook
INV06068,headphone
INV09523,headphone
INV05834,headphone
INV04057,smartphone
INV01048,keyboard
INV09949,headphone
INV01163,desktop
INV06307,
INV06554,notebook
INV09281,desktop
INV06692,notebook
INV07697,clocks
INV06511,smartphone
INV02432,desktop
INV08754,smartphone
INV02023,keyboard
INV03368,headphone
INV06779,smartphone
INV06002,keyboard
INV09628,headphone
INV09879,keyboard
INV08408,keyboard
INV03787,notebook
INV07000,smartphone
INV02079,clocks
INV06671,keyboard
INV07868,mouse
INV01784,notebook
INV08764,smartphone
INV00218,headphone
INV06933,mouse
INV06937,smartphone
INV03854,headphone
INV02700,mouse
INV04781,keyboard
INV03020,keyboard
INV04903,mouse
INV00270,monitor
INV02155,smartphone
INV01940,smartphone
INV07940,tv
INV07464,mouse
INV07562,clocks
INV05405,monitor
INV04352,notebook
INV01024,clocks
INV04238,mouse
INV02491,mouse
INV05018,clocks
INV08610,desktop
INV05311,keyboard
INV09819,keyboard
INV02258,keyboard
INV03066,mouse
INV02732,mouse
INV00095,clocks
INV09110,keyboard
INV01233,headphone
INV04058,desktop
INV05583,monitor
INV07091,desktop
INV06682,monitor
INV02498,headphone
INV03541,keyboard
INV04329,
INV09190,mouse
INV09153,keyboard
INV09147,keyboard
INV08882,smartphone
INV07010,notebook
INV02326,tv
INV05642,mouse
INV09018,mouse
INV04559,smartphone
INV03908,desktop
INV01394,keyboard
INV03071,clocks
INV07264,mouse
INV00908,mouse
INV06736,mouse
INV01011,headphone
INV08568,headphone
INV02113,notebook
INV08246,mouse
INV01795,notebook
INV05986,headphone
INV05043,mouse
INV07077,smartphone
INV07080,smartphone
INV03691,clocks
INV01327,keyboard
INV00766,mouse
INV03932,smartphone
INV00529,notebook
INV08611,headphone
INV05603,smartphone
INV09902,keyboard
INV00175,notebook
INV07148,mouse
INV09173,monitor
INV00049,headphone
INV09539,mouse
INV03408,clocks
INV05810,notebook
INV04003,headphone
INV03062,keyboard
INV06038,keyboard
INV07724,mouse
INV02061,keyboard
INV02619,headphone
INV03511,mouse
INV09418,mouse
INV08310,mouse
INV05575,keyboard
INV06782,clocks
INV09182,mouse
INV05555,mouse
INV07410,headphone
INV07397,smartphone
INV02907,mouse
INV00657,keyboard
INV09073,desktop
INV00772,clocks
INV04389,monitor
INV09923,mouse
INV04690,clocks
INV04672,notebook
INV06134,printer
INV08099,mouse
INV06307,mouse
INV05312,notebook
INV00780,keyboard
INV08853,clocks
INV06458,
INV06612,desktop
INV01733,smartphone
INV06040,clocks
INV06638,tv
INV02452,notebook
INV04884,keyboard
INV04504,clocks
INV01989,mouse
INV09684,mouse
INV00907,desktop
INV02580,headphone
INV01859,monitor
INV08693,notebook
INV08802,smartphone
INV01604,monitor
INV08784,keyboard
INV03798,notebook
INV07191,desktop
INV04662,clocks
INV06757,mouse
INV04061,smartphone
INV02938,headphone
INV03014,headphone
INV06598,smartphone
INV05746,keyboard
INV08037,keyboard
INV01031,keyboard
INV06637,mouse
INV02627,keyboard
INV07657,headphone
INV02887,mouse
INV05569,desktop
INV04796,smartphone
INV02210,headphone
INV09437,mouse
INV07844,smartphone
INV06849,smartphone
INV06602,notebook
INV00671,keyboard
INV03005,notebook
INV01555,headphone
INV00468,
INV02874,smartphone
INV02892,headphone
INV00757,headphone
INV06462,desktop
INV02679,
INV00971,mouse
INV07489,smartphone
INV03098,mouse
INV07194,monitor
INV02285,notebook
INV00122,mouse
INV01095,notebook
INV09230,notebook
INV08793,keyboard
INV07237,keyboard
INV07956,mouse
INV01357,mouse
INV03089,keyboard
INV05206,keyboard
INV06759,mouse
INV04328,monitor
INV05641,desktop
INV02812,keyboard
INV08440,monitor
INV03777,keyboard
INV02024,notebook
INV01499,mouse
INV02060,smartphone
INV02382,smartphone
INV05024,keyboard
INV04819,headphone
INV08844,
INV03227,
INV09617,keyboard
INV09368,desktop
INV02013,smartphone
INV05805,printer
INV08345,notebook
INV09880,headphone
INV07254,monitor
INV04086,desktop
INV02863,smartphone
INV00868,notebook
INV09533,smartphone
INV07895,headphone
INV07734,notebook
INV09285,mause
INV03122,smartphone
INV07349,keyboard
INV07869,smartphone
INV04562,mouse
INV06420,clocks
INV03170,notebook
INV03075,desktop
INV08408,mouse
INV07824,smartphone
INV08421,tv
INV06644,notebook
INV05277,monitor
INV03398,smartphone
INV01420,smartphone
INV01951,mouse
INV08666,notebook
INV04913,notebook
INV08980,keyboard
INV01265,monitor
INV03192,keyboard
INV01586,keyboard
INV06577,desktop
INV06452,notebook
INV09846,mouse
INV02695,smartphone
INV07221,monitor
INV01082,keyboard
INV07707,monitor
INV01572,smartphone
INV01330,smartphone
INV05838,smatphone
INV01069,clocks
INV08046,keyboard
INV00073,keyboard
INV08130,mouse
INV02840,mouse
INV08309,monitor
INV04002,printer
INV08983,mouse
INV03305,monitor
INV07357,keyboard
INV03895,clocks
INV06017,smartphone
INV07408,tv
INV04425,keyboard
INV06055,mouse
INV04455,notebook
INV07687,keyboard
INV02845,keyboard
INV05492,smartphone
INV06088,mouse
INV09552,mouse
INV08207,notebook
INV01357,desktop
INV03060,headphone
INV09390,monitor
INV00628,notebook
INV00932,mouse
INV05376,notebook
INV02456,mouse
INV08339,monitor
INV00373,clocks
INV01344,mouse
INV07394,mouse
INV09162,headphone
INV08793,mouse
INV04558,smartphone
INV04359,notebook
INV04844,smartphone
INV08915,monitor
INV01953,headphone
INV06212,mouse
INV06714,smartphone
INV02874,headphone
INV04045,tablet
INV05953,keyboard
INV09405,desktop
INV08415,smartphone
INV09214,smartphone
INV00098,headphone
INV05786,headphone
INV02508,headphone
INV02662,smartphone
INV03711,keyboard
INV06753,clocks
INV03004,keyboard
INV08095,mouse
INV00689,headphone
INV06320,notebook
INV00728,clocks
INV05931,smartphone
INV06922,keyboard
INV00828,mouse
INV05027,headphone
INV05835,desktop
INV09649,mouse
INV01279,monitor
INV07929,keyboard
INV01422,mouse
INV04332,keyboard
INV02302,clocks
INV06890,clocks
INV02235,smartphone
INV01451,headphone
INV00861,monitor
INV02163,printer
INV08384,clocks
INV00063,headphone
INV06725,notebook
INV08427,headphone
INV06387,clocks
INV00829,monitor
INV09261,mouse
INV07278,smartphone
INV03352,mouse
INV02083,mouse
INV07126,monitor
INV00853,monitor
INV08837,keyboard
INV06323,smartphone
INV04318,keyboard
INV04962,mouse
INV03965,
INV08858,notebook
INV01878,printer
INV05063,notebook
INV08225,headphone
INV09134,notebook
INV07394,desktop
INV04223,desktop
INV01271,printer
INV08747,keyboard
INV06268,mouse
INV08407,mouse
INV06569,smartphone
INV03677,mouse
INV01753,notebook
INV09153,monitor
INV03254,notebook
INV04218,keyboard
INV01627,keyboard
INV08848,clocks
INV00204,desktop
INV02579,desktop
INV01121,keyboard
INV07135,
INV06414,notebook
INV09337,clocks
INV00001,clocks
INV03805,keyboard
INV07351,keyboard
INV03689,headphone
INV00691,keyboard
INV07268,headphone
INV03281,mouse
INV03941,notebook
INV07728,mouse
INV03230,headphone
INV00675,tv
INV02921,headphone
INV03904,monitor
INV03269,keyboard
INV09519,monitor
INV00490,mouse
INV05461,clocks
INV04067,keyboard
INV03984,note_book
INV06194,mouse
INV03783,keyboard
INV05497,smartphone
INV01763,desktop
INV07500,smartphone
INV07218,monitor
INV01270,smartphone
INV05966,mouse
INV00127,desktop
INV09317,smartphone
INV09861,smartphone
INV02420,notebook
INV04972,headphone
INV07528,mause
INV07535,smartphone
INV07532,headphone
INV08992,headphone
INV09807,headphone
INV07200,monitor
INV04429,headphone
INV09393,smartphone
INV07857,headphone
INV03439,desktop
INV02975,mouse
INV05358,headphone
INV04189,monitor
INV03641,headphone
INV00792,smartphone
INV08711,smartphone
INV09275,smartphone
INV05674,headphone
INV02341,headphone
INV02016,headphone
INV00174,keyboard
INV05922,smartphone
INV01691,desktop
INV04201,clocks
INV02812,desktop
INV03021,mouse
INV02852,headphone
INV04502,smartphone
INV08921,desktop
INV09448,monitor
INV03612,headphone
INV05629,keyboard
INV09472,keyboard
INV06751,mouse
INV08854,smartphone
INV03558,monitor
INV07589,headphone
INV07184,
INV01769,keyboard
INV09844,notebook
INV06499,keyboard
INV02137,clocks
INV05364,monitor
INV08578,smartphone
INV07820,desktop
INV06405,
INV06114,keyboard
INV09267,clocks
INV08727,
INV06883,notebook
INV06391,mouse
INV06339,mouse
INV06096,mouse
INV07369,smartphone
INV03164,keyboard
INV04815,desktop
INV02178,notebook
INV00148,keyboard
INV05049,keyboard
INV00357,smartphone
INV01809,mouse
INV00743,notebook
INV05465,keyboard
INV08471,smartphone
INV01821,desktop
INV09732,notebook
INV08670,keyboard
INV08809,mouse
INV08082,notebook
INV00271,headphone
INV07758,smartphone
INV06509,notebook
INV03884,keyboard
INV09636,smartphone
INV00126,keyboard
INV00922,mouse
INV00208,keyboard
INV07443,keyboard
INV03648,desktop
INV00625,clocks
INV01643,mause
INV08175,mouse
INV03523,clocks
INV04420,clocks
INV08088,keyboard
INV03112,smartphone
INV08490,desktop
INV08723,clocks
INV09790,monitor
INV09385,notebook
INV03983,mouse
INV08942,smartphone
INV02266,mouse
INV01858,desktop
INV01858,keyboard
INV06595,notebook
INV06797,keyboard
INV01489,headphone
INV04457,monitor
INV02354,headphone
INV02293,clocks
INV02728,keyboard
INV01791,mouse
INV01895,mouse
INV08768,tv
INV01666,headphone
INV07591,keyboard
INV00952,monitor
INV06797,mouse
INV02290,notebook
INV04411,keyboard
INV05970,desktop
INV08678,smartphone
INV08380,
INV02203,mouse
INV03271,smartphone
INV01099,desktop
INV04370,
INV07558,tv
INV09504,notebook
INV08564,mouse
INV05741,notebook
INV09611,desktop
INV06058,clocks
INV04070,mause
INV00329,monitor
INV09492,headphone
INV05563,notebook
INV01210,smartphone
INV07706,desktop
INV08928,tv
INV06362,smartphone
INV09491,clocks
INV02397,mause
INV06365,smartphone
INV09206,headphone
INV00941,monitor
INV02279,
INV01264,notebook
INV02118,keyboard
INV00574,smartphone
INV04584,mouse
INV00393,smartphone
INV07483,keyboard
INV08490,mouse
INV03335,notebook
INV09990,mouse
INV05070,mouse
INV09040,notebook
INV08308,mouse
INV04655,clocks
INV01252,smartphone
INV03059,mouse
INV03252,keyboard
INV00208,monitor
INV06900,clocks
INV06683,clocks
INV04365,notebook
INV05153,mouse
INV03201,mouse
INV09890,monitor
INV00599,notebook
INV04480,headphone
INV07748,mouse
INV08544,printer
INV08475,keyboard
INV00210,smartphone
INV06139,notebook
INV09282,keyboard
INV03812,headphone
INV05032,keyboard
INV02520,mouse
INV08474,smartphone
INV04858,clocks
INV01709,smartphone
INV01096,mouse
INV04579,smartphone
INV04769,smartphone
INV07847,headphone
INV04999,notebook
INV00204,monitor
INV05842,headphone
INV02983,mouse
INV02879,keyboard
INV01808,notebook
INV08305,mouse
INV09670,smartphone
INV06891,smartphone
INV03564,mouse
INV06678,clocks
INV03812,clocks
INV08497,headphone
INV06510,keyboard
INV07003,mouse
INV09607,keyboard
INV06011,smartphone
INV02439,smartphone
INV04570,monitor
INV08960,keyboard
INV02868,printer
INV05362,notebook
INV09244,desktop
INV07139,notebook
INV04363,headphone
INV03817,keyboard
INV06582,smartphone
INV05021,mause
INV05438,monitor
INV05194,headphone
INV00948,printer
INV08396,mouse
INV02435,notebook
INV07645,smartphone
INV09218,keyboard
INV01438,notebook
INV04635,clocks
INV00648,smartphone
INV03877,mouse
INV08535,clocks
INV06106,note_book
INV06615,clocks
INV04091,keyboard
INV06297,mouse
INV04058,mouse
INV09748,notebook
INV04503,mouse
INV03541,notebook
INV00889,monitor
INV05539,desktop
INV04636,headphone
INV00899,clocks
INV00771,smartphone
INV07437,mouse
INV08716,headphone
INV06842,headphone
INV03250,mouse
INV08949,smartphone
INV04254,smartphone
INV09920,headphone
INV04632,desktop
INV04497,printer
INV03876,keyboard
INV04300,smartphone
INV02834,keyboard
INV04169,keyboard
INV05813,headphone
INV00236,headphone
INV06636,smartphone
INV05011,notebook
INV03601,smartphone
INV09339,notebook
INV09276,mouse
INV06913,desktop
INV08345,keyboard
INV07092,smartphone
INV00892,smartphone
INV03909,keyboard
INV01413,keyboard
INV05150,desktop
INV03658,smartphone
INV01443,notebook
INV00647,headphone
INV07934,notebook
INV03637,smartphone
INV02662,headphone
INV02698,keyboard
INV02173,
INV01845,smartphone
INV08967,mouse
INV06400,smartphone
INV07229,smartphone
INV05545,mouse
INV02275,desktop
INV06909,keyboard
INV08632,notebook
INV04218,notebook
INV06073,clocks
INV07544,headphone
INV08927,monitor
INV05407,notebook
INV02192,smartphone
INV04362,monitor
INV00208,mouse
INV03364,smartphone
INV01962,notebook
INV03183,smartphone
INV05182,keyboard
INV00480,tablet
INV01617,notebook
INV09087,keyboard
INV02838,smartphone
INV05799,monitor
INV00535,notebook
INV02854,mouse
INV01136,mouse
INV00485,clocks
INV01188,smartphone
INV05652,mouse
INV07411,notebook
INV06902,keyboard
INV09886,smartphone
INV01591,notebook
INV00448,desktop
INV03290,mouse
INV07810,notebook
INV09694,desktop
INV00111,smartphone
INV05682,clocks
INV08351,headphone
INV03809,mouse
INV09653,keyboard
INV08366,mouse
INV07166,mouse
INV05503,clocks
INV03552,monitor
INV09216,monitor
INV02682,smartphone
INV02043,clocks
INV05218,smartphone
INV07590,mouse
INV04247,monitor
INV06218,smartphone
INV06381,notebook
INV07635,desktop
INV01649,monitor
INV04361,note_book
INV04449,smartphone
INV09270,headphone
INV04639,headphone
INV03961,smartphone
INV05536,
INV00904,desktop
INV05010,desktop
INV06517,keyboard
INV03435,smartphone
INV09198,smartphone
INV04015,smartphone
INV04107,clocks
INV04633,smartphone
INV09605,headphone
INV09014,smartphone
INV01082,mouse
INV00014,notebook
INV09806,clocks
INV07434,headphone
INV09304,smartphone
INV00992,notebook
INV04261,desktop
INV02992,smartphone
INV05566,notebook
INV08324,smartphone
INV00542,notebook
INV01074,
INV03844,notebook
INV04853,tablet
INV03017,tablet
INV02476,clocks
INV01039,smartphone
INV03892,headphone
INV03942,notebook
INV09403,desktop
INV09278,mouse
INV07419,mouse
INV04969,notebook
INV02271,monitor
INV04568,headphone
INV08592,notebook
INV06151,smatphone
INV00389,monitor
INV04823,monitor
INV08270,notebook
INV01970,clocks
INV04274,monitor
INV07934,keyboard
INV03376,tablet
INV03065,desktop
INV04004,smartphone
INV00934,smartphone
INV04011,mouse
INV02415,printer
INV06624,smartphone
INV04387,smartphone
INV04431,headphone
INV06178,smartphone
INV07454,mouse
INV00666,smartphone
INV05419,keyboard
INV08203,clocks
INV02392,smartphone
INV09083,monitor
INV08603,desktop
INV09822,mouse
INV05728,headphone
INV09914,smartphone
INV07077,smartphone
INV04798,keyboard
INV03024,keyboard
INV05314,desktop
INV07791,headphone
INV06252,
INV04790,monitor
INV05158,notebook
INV07771,clocks
INV03899,keyboard
INV07033,notebook
INV07187,desktop
INV06016,key_board
INV02243,smartphone
INV08576,monitor
INV09841,notebook
INV04876,mouse
INV00609,keyboard
INV07161,smartphone
INV08472,tablet
INV08587,desktop
INV06560,headphone
INV05815,desktop
INV06818,smartphone
INV00900,mouse
INV01760,desktop
INV09164,notebook
INV03546,keyboard
INV06844,headphone
INV09093,headphone
INV05532,headphone
INV00175,mouse
INV00143,notebook
INV05119,desktop
INV04483,printer
INV04986,clocks
INV06897,notebook
INV02059,smartphone
INV05606,mouse
INV03787,key_board
INV01177,notebook
INV00844,mouse
INV06656,notebook
INV03165,
INV04209,mouse
INV00114,monitor
INV05710,notebook
INV09498,keyboard
INV08975,smartphone
INV04605,notebook
INV02463,headphone
INV06355,smartphone
INV08008,monitor
INV07367,smartphone
INV09167,desktop
INV03889,keyboard
INV04310,headphone
INV02288,
INV08872,mouse
INV05812,mouse
INV05774,smartphone
INV02195,mouse
INV03625,notebook
INV05185,clocks
INV09714,smartphone
INV00180,clocks
INV03467,mouse
INV00568,notebook
INV06545,headphone
INV06778,desktop
INV08056,headphone
INV01031,notebook
INV02478,tablet
INV04285,desktop
INV08891,clocks
INV00521,keyboard
INV00795,mouse
INV08642,mause
INV06771,keyboard
INV03783,mouse
INV06487,monitor
INV02374,keyboard
INV03616,mouse
INV02506,key_board
INV08346,mouse
INV02085,headphone
INV09221,smartphone
INV03332,mouse
INV00011,clocks
INV08047,notebook
INV01507,smartphone
INV08709,keyboard
INV01745,tablet
INV07322,desktop
INV09411,smartphone
INV07019,monitor
INV08213,monitor
INV04795,desktop
INV03503,keyboard
INV05361,monitor
INV09558,desktop
INV02728,mouse
INV07622,keyboard
INV03446,smartphone
INV06631,desktop
INV09399,mouse
INV02916,smartphone
INV05957,notebook
INV08249,notebook
INV03906,smartphone
INV02248,mouse
INV09093,smartphone
INV07255,clocks
INV09816,keyboard
INV07342,monitor
INV02565,keyboard
INV07739,keyboard
INV06176,mouse
INV01134,smartphone
INV07056,monitor
INV09047,headphone
INV00729,notebook
INV08327,keyboard
INV04401,smartphone
INV05615,headphone
INV07462,monitor
INV00420,tv
INV05598,keyboard
INV08881,keyboard
INV06666,notebook
INV08322,clocks
INV02570,smartphone
INV07002,clocks
INV08786,smartphone
INV00933,smartphone
INV05569,keyboard
INV02187,smartphone
INV04837,monitor
INV08654,notebook
INV03909,desktop
INV08021,notebook
INV04814,smartphone
INV00281,smartphone
INV03927,monitor
INV01740,monitor
INV00576,notebook
INV05503,headphone
INV03205,monitor
INV04488,headphone
INV09964,mouse
INV03934,desktop
INV04328,desktop
INV02875,headphone
INV00119,mouse
INV07761,monitor
INV06620,clocks
INV02552,keyboard
INV03578,monitor
INV03634,headphone
INV09303,smartphone
INV01008,desktop
INV01185,headphone
INV04262,smartphone
INV07713,mouse
INV09794,mouse
INV08197,smartphone
INV07053,desktop
INV02525,headphone
INV03740,smartphone
INV09450,notebook
INV04531,smartphone
INV06919,desktop
INV06128,mouse
INV06187,mouse
INV09895,keyboard
INV03829,notebook
INV04665,mouse
INV00563,smartphone
INV04178,mouse
INV02431,mouse
INV05165,notebook
INV05570,desktop
INV01731,monitor
INV09907,smartphone
INV06279,keyboard
INV06352,notebook
INV02166,smatphone
INV02546,headphone
INV04389,mouse
INV04727,smartphone
INV02550,headphone
INV04835,notebook
INV08937,monitor
INV03189,monitor
INV02848,mouse
INV04195,tablet
INV07221,desktop
INV03246,keyboard
INV00117,keyboard
INV03281,notebook
INV09431,monitor
INV00350,headphone
INV09425,desktop
INV06651,smartphone
INV09260,keyboard
INV05000,notebook
INV04607,keyboard
INV06987,headphone
INV00006,notebook
INV06099,keyboard
INV04007,mouse
INV08030,notebook
INV03590,tv
INV03157,keyboard
INV07600,keyboard
INV03216,smartphone
INV04677,monitor
INV03577,desktop
INV04274,keyboard
INV07220,monitor
INV06970,monitor
INV09369,headphone
INV04217,notebook
INV09973,keyboard
INV08299,smartphone
INV09756,smartphone
INV03252,notebook
INV02775,mouse
INV08232,clocks
INV06585,mouse
INV08910,headphone
INV04305,
INV03566,headphone
INV02467,keyboard
INV03903,monitor
INV05831,keyboard
INV06831,headphone
INV08702,desktop
INV00060,mouse
INV00720,mouse
INV00435,notebook
INV03560,keyboard
INV01344,notebook
INV01833,mouse
INV04583,smartphone
INV03894,desktop
INV00463,clocks
INV05299,tablet
INV02795,tv
INV07171,headphone
INV00130,notebook
INV07478,monitor
INV05375,mouse
INV06456,notebook
INV07233,smartphone
INV05399,mouse
INV07772,notebook
INV02926,notebook
INV04749,headphone
INV03084,smartphone
INV06801,monitor
INV07971,
INV06900,headphone
INV01335,keyboard
INV01961,desktop
INV04957,smartphone
INV06674,headphone
INV02743,mouse
INV08656,headphone
INV00464,mouse
INV01842,notebook
INV01319,notebook
INV06858,headphone
INV09807,smartphone
INV04101,keyboard
INV07267,mouse
INV09464,smartphone
INV00221,keyboard
INV07563,keyboard
INV00257,clocks
INV08952,headphone
INV08595,mouse
INV06877,monitor
INV00662,tv
INV00608,mause
INV08121,keyboard
INV06940,mouse
INV09287,monitor
INV01967,monitor
INV07095,notebook
INV08844,keyboard
INV08369,desktop
INV04182,monitor
INV06502,desktop
INV09900,notebook
INV08566,headphone
INV06236,keyboard
INV03322,headphone
INV00035,smartphone
INV02238,clocks
INV09021,headphone
INV00519,smartphone
INV02886,headphone
INV07445,mause
INV00141,mouse
INV05355,monitor
INV05905,desktop
INV08764,headphone
INV09111,headphone
INV04120,keyboard
INV04694,headphone
INV05314,monitor
INV03290,note_book
INV09464,mouse
INV01503,keyboard
INV07113,smartphone
INV04503,notebook
INV08316,notebook
INV08212,monitor
INV09066,clocks
INV04087,monitor
INV04607,notebook
INV04053,tablet
INV08128,headphone
INV07406,mouse
INV01017,mouse
INV06354,tablet
INV04101,notebook
INV04095,keyboard
INV02413,notebook
INV04364,key_board
INV07761,mouse
INV03119,clocks
INV07889,notebook
INV04745,tv
INV06561,printer
INV00307,mouse
INV00863,clocks
INV04719,printer
INV04838,smartphone
INV03898,smartphone
INV00162,desktop
INV06366,notebook
INV09734,headphone
INV03748,smartphone
INV09078,mouse
INV06468,note_book
INV01958,mouse
INV00607,keyboard
INV04419,keyboard
INV10000,smartphone
INV07586,clocks
INV09552,desktop
INV09942,clocks
INV06030,keyboard
INV03537,clocks
INV00154,smartphone
INV03906,headphone
INV05869,smartphone
INV05876,headphone
INV00531,headphone
INV06170,headphone
INV08636,smartphone
INV03824,mouse
INV09167,mouse
INV08016,clocks
INV01415,headphone
INV00150,headphone
INV00710,headphone
INV00594,keyboard
INV02057,smartphone
INV09799,headphone
INV08129,tv
INV03817,desktop
INV08005,desktop
INV01928,clocks
INV03565,headphone
INV01590,
INV06952,desktop
INV03568,keyboard
INV04866,keyboard
INV06119,mouse
INV03333,smartphone
INV08476,clocks
INV05974,keyboard
INV08190,mouse
INV08550,clocks
INV01056,clocks
INV06080,mouse
INV05655,clocks
INV05863,clocks
INV04157,keyboard
INV02556,headphone
INV07546,desktop
INV07617,keyboard
INV04178,notebook
INV08313,smartphone
INV09492,clocks
INV04374,desktop
INV08826,monitor
INV08487,smartphone
INV03925,clocks
INV04971,mouse
INV02510,clocks
INV03338,notebook
INV08575,keyboard
INV03950,smartphone
INV00240,smartphone
INV04931,smartphone
INV05140,key_board
INV00701,notebook
INV05781,keyboard
INV04083,clocks
INV00643,mouse
INV01959,smartphone
INV09940,mouse
INV08959,monitor
INV03245,mouse
INV09425,desktop
INV08480,key_board
INV03466,mouse
INV03319,clocks
INV05190,monitor
INV02217,monitor
INV05946,keyboard
INV07207,headphone
INV04622,desktop
INV02191,desktop
INV02819,mouse
INV03294,smartphone
INV01359,mouse
INV02560,notebook
INV03268,monitor
INV09849,keyboard
INV01890,clocks
INV08472,smartphone
INV08315,notebook
INV04980,keyboard
INV01752,smartphone
INV03620,monitor
INV05068,notebook
INV05683,smartphone
INV05238,notebook
INV01606,mouse
INV09406,notebook
INV05049,notebook
INV09927,headphone
INV00977,notebook
INV03620,desktop
INV06077,headphone
INV01190,headphone
INV03551,notebook
INV07715,clocks
INV03754,printer
INV01408,desktop
INV07341,clocks
INV07863,clocks
INV01235,headphone
INV04285,mouse
INV01816,keyboard
INV01821,monitor
INV05055,smartphone
INV02221,monitor
INV08124,keyboard
INV09817,headphone
INV03160,headphone
INV01910,keyboard
INV08437,desktop
INV00332,desktop
INV02389,smartphone
INV07492,clocks
INV02210,smartphone
INV00697,notebook
INV07957,headphone
INV07992,keyboard
INV07204,notebook
INV06193,mouse
INV03287,desktop
INV03890,smartphone
INV09259,keyboard
INV01981,monitor
INV02109,desktop
INV08367,smartphone
INV08962,headphone
INV05567,desktop
INV05535,keyboard
INV04561,desktop
INV06588,mouse
INV03312,mouse
INV07969,keyboard
INV04186,smartphone
INV03854,smartphone
INV01863,keyboard
INV04721,keyboard
INV09938,mouse
INV08213,desktop
INV01395,headphone
INV04494,monitor
INV05031,headphone
INV01074,
INV02708,keyboard
INV01050,headphone
INV04036,smartphone
INV07729,mouse
INV06227,mouse
INV00786,mouse
INV05698,keyboard
INV06192,smartphone
INV03314,smartphone
INV00767,monitor
INV05052,notebook
INV04173,keyboard
INV09402,mouse
INV03299,smartphone
INV06726,mouse
INV04285,monitor
INV06130,clocks
INV07078,mause
INV07176,desktop
INV09651,keyboard
INV05916,clocks
INV02360,smartphone
INV09253,printer
INV03530,notebook
INV00820,keyboard
INV05727,notebook
INV07843,smartphone
INV05550,monitor
INV07790,note_book
INV04746,headphone
INV02294,smartphone
INV03541,mouse
INV02076,mouse
INV02701,mouse
INV01653,smartphone
INV07806,smartphone
INV01875,smartphone
INV00720,monitor
INV02986,tablet
INV08537,desktop
INV02757,
INV01348,notebook
INV04299,smartphone
INV06225,clocks
INV02604,notebook
INV06167,notebook
INV09729,smartphone
INV05451,keyboard
INV03080,monitor
INV09496,headphone
INV05104,keyboard
INV05377,mouse
INV09928,notebook
INV01956,mouse
INV03515,headphone
INV03230,smartphone
INV00517,keyboard
INV09826,mouse
INV04160,keyboard
INV06116,headphone
INV03447,smartphone
INV08133,mouse
INV08868,notebook
INV01838,clocks
INV06923,smartphone
INV03920,monitor
INV04851,smartphone
INV03569,headphone
INV05017,printer
INV08119,mause
INV08842,clocks
INV00101,clocks
INV01117,tablet
INV05473,keyboard
INV08777,mouse
INV05933,headphone
INV07342,keyboard
INV01412,monitor
INV09496,clocks
INV08319,mouse
INV03176,notebook
INV06660,note_book
INV09876,monitor
INV09082,monitor
INV02437,smartphone
INV03727,smartphone
INV02164,headphone
INV03203,monitor
INV05029,notebook
INV01463,mouse
INV00829,keyboard
INV05619,smartphone
INV05654,monitor
INV09575,notebook
INV08606,mouse
INV09263,keyboard
INV08101,keyboard
INV04308,smartphone
INV06108,smartphone
INV06772,desktop
INV02185,
INV03398,headphone
INV04273,monitor
INV08730,notebook
INV01765,headphone
INV02047,headphone
INV06488,headphone
INV03386,notebook
INV04501,mouse
INV07959,headphone
INV02204,clocks
INV05454,notebook
INV09442,monitor
INV05736,headphone
INV06686,mouse
INV07069,headphone
INV04875,mouse
INV04539,desktop
INV03881,
INV01959,headphone
INV06352,mouse
INV04122,printer
INV05223,mouse
INV04868,mouse
INV05807,keyboard
INV00987,notebook
INV06264,notebook
INV06143,smartphone
INV03547,clocks
INV03684,headphone
INV06182,keyboard
INV09718,clocks
INV06682,desktop
INV01098,headphone
INV04386,clocks
INV04670,headphone
INV08505,monitor
INV04040,monitor
INV07942,monitor
INV08651,smartphone
INV02567,smartphone
INV07762,desktop
INV02111,keyboard
INV01012,keyboard
INV09544,printer
INV07446,keyboard
INV04423,smartphone
INV02481,monitor
INV05481,notebook
INV05387,smartphone
INV06903,notebook
INV06409,keyboard
INV04940,monitor
INV07203,smartphone
INV08157,keyboard
INV01728,smartphone
INV09983,notebook
INV03977,clocks
INV04436,mouse
INV03791,desktop
INV05645,mouse
INV01888,keyboard
INV02330,keyboard
INV09970,smartphone
INV01018,desktop
INV06515,clocks
INV00869,notebook
INV04833,notebook
INV02851,keyboard
INV07038,mouse
INV06237,keyboard
INV09863,smartphone
INV07143,monitor
INV01243,mouse
INV01249,headphone
INV02968,notebook
INV00280,smartphone
INV01662,mouse
INV06027,keyboard
INV01440,headphone
INV08999,clocks
INV09853,mouse
INV04862,mouse
INV01236,smartphone
INV01945,keyboard
INV01107,notebook
INV08752,mouse
INV08004,desktop
INV05874,mouse
INV06734,key_board
INV04214,mouse
INV09024,clocks
INV08549,monitor
INV06295,monitor
INV04412,headphone
INV04851,headphone
INV04016,headphone
INV04341,mouse
INV03480,smartphone
INV04232,desktop
INV05809,notebook
INV00759,clocks
INV08689,key_board
INV00418,smartphone
INV04236,monitor
INV05145,clocks
INV08163,notebook
INV05274,mouse
INV00025,notebook
INV02573,notebook
INV00062,mouse
INV07756,headphone
INV02937,smartphone
INV02151,notebook
INV02583,keyboard
INV03604,smartphone
INV09243,clocks
INV03411,tv
INV01598,tablet
INV05204,headphone
INV07206,keyboard
INV03170,mouse
INV04380,keyboard
INV07409,headphone
INV06120,smartphone
INV09940,notebook
INV09223,notebook
INV02562,mouse
INV01788,monitor
INV07682,mouse
INV06785,headphone
INV05425,mouse
INV07720,headphone
INV04687,smartphone
INV06748,keyboard
INV09306,keyboard
INV08838,clocks
INV09292,desktop
INV04402,keyboard
INV03816,mause
INV00754,keyboard
INV07198,headphone
INV01963,mouse
INV07890,notebook
INV04613,notebook
INV06549,smartphone
INV01323,keyboard
INV01049,keyboard
INV03457,headphone
INV08689,mouse
INV08302,notebook
INV04966,smatphone
INV07049,keyboard
INV06191,desktop
INV05812,keyboard
INV00988,smartphone
INV02327,key_board
INV01442,headphone
INV01750,mouse
INV04041,notebook
INV01135,
INV02264,desktop
INV04446,clocks
INV02991,notebook
INV00659,headphone
INV06190,smartphone
INV00999,headphone
INV04268,smartphone
INV06455,mouse
INV01894,monitor
INV01076,monitor
INV05940,smatphone
INV00487,headphone
INV06466,monitor
INV04647,printer
INV06479,desktop
INV04822,monitor
INV07900,keyboard
INV01261,tablet
INV01219,clocks
INV04237,notebook
INV06061,clocks
INV03302,keyboard
INV08847,
INV07793,headphone
INV07993,keyboard
INV03842,mouse
INV02781,
INV09988,notebook
INV02146,notebook
INV05550,mouse
INV07214,keyboard
INV01791,notebook
INV09166,keyboard
INV03188,desktop
INV05046,notebook
INV04207,key_board
INV03291,tablet
INV05915,headphone
INV03440,smartphone
INV02577,desktop
INV04508,mouse
INV09112,notebook
INV05222,clocks
INV02386,smartphone
INV00039,clocks
INV07140,mouse
INV06994,keyboard
INV07079,keyboard
INV03737,notebook
INV00889,desktop
INV08180,smartphone
INV09123,headphone
INV05626,tv
INV07021,desktop
INV06527,headphone
INV04814,clocks
INV04131,clocks
INV03649,clocks
INV09508,mouse
INV01794,clocks
INV06480,mouse
INV00026,smartphone
INV02819,notebook
INV09423,headphone
INV00206,monitor
INV05170,notebook
INV06719,smartphone
INV06731,mouse
INV04078,keyboard
INV00941,desktop
INV02764,clocks
INV06538,headphone
INV07200,
INV08596,mouse
INV08636,headphone
INV08691,desktop
INV08593,notebook
INV01896,mouse
INV08915,keyboard
INV08312,notebook
INV09299,keyboard
INV09869,monitor
INV06007,monitor
INV01503,notebook
INV07153,mouse
INV05976,keyboard
INV07768,monitor
INV01918,mouse
INV03052,monitor
INV01703,headphone
INV00807,smartphone
INV00542,mouse
INV06608,clocks
INV04078,mouse
INV02528,mouse
INV07018,keyboard
INV07632,notebook
INV00887,smartphone
INV00831,smartphone
INV02105,keyboard
INV04034,monitor
INV08765,monitor
INV09723,
INV02778,mouse
INV05602,mouse
INV06780,smartphone
INV09092,clocks
INV09240,mouse
INV09476,keyboard
INV00890,mouse
INV02230,tv
INV05881,desktop
INV00259,headphone
INV09036,headphone
INV08018,desktop
INV04854,clocks
INV09452,mouse
INV05930,clocks
INV08186,monitor
INV02002,smartphone
INV01776,mouse
INV02005,desktop
INV08430,desktop
INV01072,keyboard
INV02936,monitor
INV05396,notebook
INV05256,mouse
INV08947,monitor
INV08424,clocks
INV00275,desktop
INV04168,monitor
INV04307,notebook
INV00066,mouse
INV00008,monitor
INV02336,keyboard
INV00172,smartphone
INV08062,smartphone
INV05481,keyboard
INV09151,notebook
INV00098,smartphone
INV04772,notebook
INV06319,monitor
INV04649,monitor
INV03173,notebook
INV08439,clocks
INV06888,clocks
INV04495,clocks
INV06564,headphone
INV04345,tablet
INV01137,mouse
INV03678,mouse
INV07286,keyboard
INV03359,desktop
INV07156,desktop
INV02136,desktop
INV08531,notebook
INV05991,desktop
INV00600,smartphone
INV03601,headphone
INV06071,keyboard
INV00830,keyboard
INV04217,mouse
INV02653,mouse
INV07892,mouse
INV02107,desktop
INV04841,keyboard
INV09391,notebook
INV04850,clocks
INV09988,keyboard
INV01476,keyboard
INV02612,mouse
INV08250,clocks
INV02546,clocks
INV01838,smatphone
INV04619,monitor
INV09191,desktop
INV03714,desktop
INV09668,keyboard
INV03934,monitor
INV04326,keyboard
INV08580,headphone
INV00540,monitor
INV08824,mouse
INV03227,smartphone
INV07029,notebook
INV01591,mouse
INV07338,notebook
INV04170,keyboard
INV00013,smartphone
INV03315,desktop
INV09588,mouse
INV00708,headphone
INV06672,clocks
INV06934,notebook
INV08881,mouse
INV00148,desktop
INV07148,monitor
INV02916,headphone
INV08919,smartphone
INV07468,desktop
INV07750,smartphone
INV02002,smartphone
INV01124,desktop
INV03514,mouse
INV08997,smartphone
INV07915,clocks
INV03360,notebook
INV06463,mouse
INV07562,headphone
INV09647,mouse
INV00844,notebook
INV08394,keyboard
INV03725,notebook
INV07440,mouse
INV03489,clocks
INV07737,smartphone
INV00687,
INV05757,mouse
INV04097,smartphone
INV09938,monitor
INV00239,desktop
INV00275,monitor
INV02707,desktop
INV09086,notebook
INV03143,headphone
INV03204,smartphone
INV03657,monitor
INV01787,smartphone
INV08172,mouse
INV00385,headphone
INV00739,headphone
INV00700,notebook
INV02259,clocks
INV01291,monitor
INV00484,headphone
INV04126,keyboard
INV05776,clocks
INV08249,keyboard
INV02703,notebook
INV00569,keyboard
INV02988,smartphone
INV06265,keyboard
INV07830,smartphone
INV08426,headphone
INV06268,notebook
INV06583,mouse
INV02315,notebook
INV08162,notebook
INV05409,keyboard
INV08230,headphone
INV02462,smartphone
INV05321,keyboard
INV05786,clocks
INV09842,notebook
INV09953,keyboard
INV06821,desktop
INV09317,headphone
INV08509,clocks
INV00810,keyboard
INV02690,clocks
INV03631,notebook
INV04943,notebook
INV00160,mouse
INV03730,notebook
INV02460,mouse
INV06505,keyboard
INV01172,smartphone
INV02465,notebook
INV04130,notebook
INV09135,mouse
INV06389,smartphone
INV05179,notebook
INV08020,headphone
INV06918,mouse
INV05087,clocks
INV03943,smartphone
INV02832,mouse
INV07513,monitor
INV05770,smartphone
INV06814,notebook
INV05819,desktop
INV08074,notebook
INV07633,headphone
INV00465,keyboard
INV03974,desktop
INV00175,keyboard
INV04567,mouse
INV09000,mouse
INV05326,keyboard
INV08878,smartphone
INV03886,notebook
INV04902,smartphone
INV00314,keyboard
INV05505,smartphone
INV00548,headphone
INV00956,printer
INV07136,keyboard
INV02071,headphone
INV08539,notebook
INV05296,clocks
INV02672,mouse
INV02270,clocks
INV05919,mouse
INV04543,smartphone
INV02964,smartphone
INV06502,keyboard
INV04362,desktop
INV04004,notebook
INV07062,desktop
INV07073,smartphone
INV06332,mouse
INV08204,clocks
INV08480,mouse
INV07870,mouse
INV05901,notebook
INV08673,notebook
INV06443,desktop
INV09946,mouse
INV03504,keyboard
INV06630,keyboard
INV02440,smartphone
INV01165,mouse
INV09567,notebook
INV01417,mouse
INV04468,clocks
INV06459,mouse
INV03468,mouse
INV05112,notebook
INV05259,notebook
INV03586,desktop
INV02233,clocks
INV00018,smartphone
INV02323,mouse
INV09248,notebook
INV05021,key_board
INV06631,monitor
INV06285,desktop
INV00769,clocks
INV07131,headphone
INV03978,notebook
INV05315,keyboard
INV05752,monitor
INV01274,
INV03257,smartphone
INV05035,keyboard
INV04302,monitor
INV08409,notebook
INV06000,mouse
INV02621,mouse
INV04753,tablet
INV01979,smartphone
INV08761,mouse
INV00912,desktop
INV07879,clocks
INV07948,printer
INV07929,notebook
INV07914,keyboard
INV07381,notebook
INV09573,printer
INV07947,printer
INV02752,monitor
INV01353,keyboard
INV03113,headphone
INV02112,note_book
INV01421,smartphone
INV01740,desktop
INV07356,headphone
INV05443,notebook
INV02466,mouse
INV02376,smartphone
INV05449,headphone
INV02371,headphone
INV00203,monitor
INV02652,desktop
INV01333,headphone
INV05163,desktop
INV04561,keyboard
INV02937,headphone
INV09224,notebook
INV04774,mouse
INV06879,keyboard
INV07233,clocks
INV00597,monitor
INV06023,tv
INV05657,mouse
INV02717,headphone
INV02642,smartphone
INV07427,tv
INV01436,headphone
INV00337,monitor
INV06458,tv
INV03287,mouse
INV05366,headphone
INV04414,headphone
INV09522,headphone
INV07381,mouse
INV05280,keyboard
INV09447,smartphone
INV05432,smartphone
INV06358,notebook
INV06965,smartphone
INV00821,mouse
INV05829,clocks
INV04324,keyboard
INV01881,notebook
INV01121,notebook
INV07078,keyboard
INV09873,monitor
INV03025,keyboard
INV06152,keyboard
INV09770,clocks
INV04158,clocks
INV03766,clocks
INV00528,keyboard
INV06412,mouse
INV04930,keyboard
INV03347,clocks
INV08401,headphone
INV06511,clocks
INV08683,headphone
INV00962,headphone
INV08234,smartphone
INV08846,notebook
INV03556,headphone
INV07954,headphone
INV08753,mouse
INV02715,smartphone
INV09743,note_book
INV06584,smartphone
INV05076,mouse
INV03416,notebook
INV08276,notebook
INV09384,clocks
INV07204,keyboard
INV02142,smartphone
INV08081,keyboard
INV09009,headphone
INV02331,keyboard
INV07516,notebook
INV04134,desktop
INV05734,smartphone
INV05324,smartphone
INV03859,printer
INV08059,desktop
INV09433,smartphone
INV07234,monitor
INV04092,mouse
INV02298,mouse
INV02706,keyboard
INV07710,mouse
INV05040,mouse
INV03769,monitor
INV01772,desktop
INV09052,mouse
INV02463,smartphone
INV03459,headphone
INV07097,headphone
INV02574,mouse
INV05566,keyboard
INV03507,mouse
INV06234,headphone
INV05809,mouse
INV00732,notebook
INV03747,clocks
INV00697,keyboard
INV02512,mouse
INV05821,smartphone
INV01462,monitor
INV00032,headphone
INV08704,mouse
INV02798,keyboard
INV01093,desktop
INV00241,notebook
INV03495,desktop
INV07554,smartphone
INV09655,desktop
INV01131,clocks
INV00926,headphone
INV05819,mouse
INV01230,monitor
INV03496,mouse
INV09735,clocks
INV05021,mause
INV01854,notebook
INV02827,keyboard
INV07024,mouse
INV08121,notebook
INV05331,notebook
INV06366,keyboard
INV02981,clocks
INV01762,desktop
INV05994,smartphone
INV06390,smartphone
INV05893,smartphone
INV07987,notebook
INV05527,mouse
INV08631,mouse
INV07922,headphone
INV03929,printer
INV09569,smartphone
INV04366,headphone
INV05850,notebook
INV09342,keyboard
INV06065,mouse
INV00132,desktop
INV00024,desktop
INV00531,smartphone
INV01758,headphone
INV07138,keyboard
INV05563,keyboard
INV01207,mouse
INV07305,smartphone
INV04363,smartphone
INV08834,keyboard
INV00492,clocks
INV05460,headphone
INV03950,clocks
INV03889,mouse
INV07826,smartphone
INV01369,monitor
INV09344,headphone
INV07362,smartphone
INV08183,headphone
INV00148,monitor
INV01039,headphone
INV09013,headphone
INV05467,smartphone
INV07209,clocks
INV07007,headphone
INV03093,headphone
INV04672,mouse
INV03509,keyboard
INV01189,notebook
INV07302,headphone
INV03249,tablet
INV05412,monitor
INV01935,smartphone
INV07120,smartphone
INV05377,keyboard
INV08321,keyboard
INV01933,monitor
INV07147,smartphone
INV05212,mouse
INV07284,desktop
INV06943,notebook
INV01331,monitor
INV08029,smartphone
INV01807,clocks
INV00941,keyboard
INV07316,headphone
INV04941,monitor
INV03806,mouse
INV08050,mouse
INV06268,keyboard
INV03270,notebook
INV04905,headphone
INV01715,smartphone
INV04926,headphone
INV00303,keyboard
INV00837,desktop
INV06159,keyboard
INV02945,mouse
INV02667,notebook
INV02363,notebook
INV01951,desktop
INV04826,notebook
INV09534,smartphone
INV03818,smartphone
INV09137,headphone
INV06397,headphone
INV00228,notebook
INV00410,headphone
INV04182,keyboard
INV00597,desktop
INV09582,clocks
INV09909,monitor
INV02297,mouse
INV09468,clocks
INV00648,clocks
INV03065,keyboard
INV03548,mouse
INV03988,keyboard
INV01895,notebook
INV09257,mouse
INV02448,headphone
INV03083,mouse
INV01616,keyboard
INV02031,keyboard
INV09589,headphone
INV00079,mouse
INV01626,notebook
INV00997,keyboard
INV05877,monitor
INV01655,notebook
INV09891,notebook
INV06019,note_book
INV07524,mouse
INV05737,headphone
INV04246,headphone
INV02627,desktop
INV07004,tv
INV05265,headphone
INV08641,desktop
INV06717,mouse
INV02859,clocks
INV00860,keyboard
INV03887,keyboard
INV05240,headphone
INV02964,headphone
INV01110,smartphone
INV03896,smartphone
INV02026,headphone
INV04940,keyboard
INV02709,tv
INV00909,desktop
INV00940,mouse
INV07389,smartphone
INV06468,keyboard
INV01026,clocks
INV04731,printer
INV01670,notebook
INV09264,notebook
INV07114,notebook
INV03382,tablet
INV07698,smartphone
INV05041,mouse
INV04203,smartphone
INV00618,smartphone
INV08528,smartphone
INV06822,headphone
INV07331,notebook
INV02992,headphone
INV02117,mouse
INV03316,mouse
INV05491,monitor
INV06794,notebook
INV06173,smartphone
INV03690,headphone
INV03725,keyboard
INV09414,headphone
INV06690,headphone
INV03229,notebook
INV09802,notebook
INV05886,headphone
INV07601,keyboard
INV02720,smartphone
INV05592,smartphone
INV06306,mouse
INV08277,clocks
INV08925,
INV00443,tv
INV07821,headphone
INV04544,mouse
INV06146,notebook
INV05208,desktop
INV00726,notebook
INV04026,notebook
INV04346,keyboard
INV07510,clocks
INV09339,mouse
INV02946,smartphone
INV00849,notebook
INV07704,desktop
INV09301,headphone
INV03661,clocks
INV06375,keyboard
INV01174,clocks
INV09777,clocks
INV04809,notebook
INV03975,keyboard
INV02662,clocks
INV03850,monitor
INV09910,smartphone
INV02152,desktop
INV08860,keyboard
INV05477,desktop
INV05969,mouse
INV05181,smartphone
INV01395,smartphone
INV08116,smartphone
INV08250,headphone
INV09517,notebook
INV04539,desktop
INV05558,
INV09607,mouse
INV08352,headphone
INV03966,headphone
INV00039,smartphone
INV00077,monitor
INV07607,headphone
INV01901,notebook
INV08029,headphone
INV02392,clocks
INV01490,keyboard
INV04068,notebook
INV07857,smartphone
INV05248,mouse
INV03812,
INV01517,smartphone
INV04146,smatphone
INV01282,headphone
INV05530,keyboard
INV08839,
INV00565,clocks
INV07458,tv
INV06910,keyboard
INV06507,clocks
INV05884,keyboard
INV05215,mouse
INV09224,mouse
INV00816,mouse
INV07797,smartphone
INV05376,keyboard
INV09658,mouse
INV09196,keyboard
INV08146,mouse
INV07576,headphone
INV01112,keyboard
INV02131,headphone
INV06954,notebook
INV03146,smartphone
INV05392,keyboard
INV06918,keyboard
INV04413,notebook
INV05302,smartphone
INV02468,smartphone
INV06776,mouse
INV05973,smartphone
INV00436,notebook
INV09570,notebook
INV06162,smartphone
INV02188,clocks
INV09754,notebook
INV08125,notebook
INV07465,desktop
INV02604,mouse
INV09166,mouse
INV03524,notebook
INV08634,keyboard
INV02974,headphone
INV06401,mouse
INV08106,mouse
INV08619,smartphone
INV08867,headphone
INV03342,headphone
INV06113,desktop
INV04898,headphone
INV08034,headphone
INV05084,desktop
INV01977,monitor
INV00587,keyboard
INV04118,notebook
INV08305,monitor
INV01732,notebook
INV07008,keyboard
INV01486,mause
INV08796,mouse
INV01900,desktop
INV00721,smartphone
INV01239,tv
INV06325,notebook
INV05828,mouse
INV03394,desktop
INV08688,notebook
INV09235,mouse
INV01576,mouse
INV01965,clocks
INV03356,monitor
INV07350,monitor
INV00350,smartphone
INV03783,notebook
INV04906,smartphone
INV01920,mouse
INV07204,mouse
INV00151,mouse
INV02567,headphone
INV02319,mouse
INV00043,monitor
INV00466,keyboard
INV05905,mouse
INV09176,smartphone
INV06680,smartphone
INV08892,clocks
INV01931,mouse
INV00403,headphone
INV07164,headphone
INV04776,keyboard
INV00313,mouse
INV07035,smartphone
INV01963,keyboard
INV05319,mouse
INV01068,mouse
INV05243,monitor
INV07043,headphone
INV07909,smartphone
INV02770,mouse
INV02077,clocks
INV05168,notebook
INV08966,clocks
INV08766,mouse
INV07187,monitor
INV03562,desktop
INV03811,clocks
INV09747,headphone
INV05906,notebook
INV02464,smartphone
INV08530,monitor
INV00544,mouse
INV05127,mouse
INV09922,clocks
INV03276,headphone
INV05050,headphone
INV08470,headphone
INV05954,headphone
INV05672,mouse
INV02182,notebook
INV09094,notebook
INV09981,mouse
INV05524,tablet
INV03610,headphone
INV05047,notebook
INV00952,keyboard
INV06922,notebook
INV04438,headphone
INV02676,headphone
INV03945,monitor
INV00802,headphone
INV03726,keyboard
INV06828,smartphone
INV02861,headphone
INV02650,monitor
INV02796,monitor
INV03349,notebook
INV07821,smartphone
INV03470,keyboard
INV08487,headphone
INV06044,smartphone
INV09141,monitor
INV08997,clocks
INV00772,headphone
INV09818,mouse
INV06490,clocks
INV03738,smartphone
INV05692,smartphone
INV09811,smartphone
INV00413,mouse
INV05351,keyboard
INV01453,keyboard
INV03594,mouse
INV06804,smartphone
INV09497,desktop
INV00986,headphone
INV00094,desktop
INV02335,mouse
INV05571,notebook
INV02409,headphone
INV02052,smartphone
INV09594,keyboard
INV01379,clocks
INV04923,monitor
INV08317,smartphone
INV08996,keyboard
INV06305,desktop
INV05252,notebook
INV07455,monitor
INV06914,headphone
INV07962,smartphone
INV06383,keyboard
INV00215,mouse
INV05317,smartphone
INV05473,mouse
INV00188,keyboard
INV01208,headphone
INV04519,notebook
INV05318,keyboard
INV02893,desktop
INV09849,monitor
INV09782,headphone
INV04806,mouse
INV01967,desktop
INV06847,tv
INV09330,notebook
INV09855,smartphone
INV08442,clocks
INV02994,notebook
INV02229,notebook
INV08934,smartphone
INV07045,desktop
INV04616,smartphone
INV09154,headphone
INV08841,monitor
INV02527,keyboard
INV01906,notebook
INV01087,smartphone
INV08918,keyboard
INV04293,smartphone
INV09097,smartphone
INV03243,notebook
INV00333,notebook
INV02769,keyboard
INV05386,mouse
INV00741,notebook
INV06684,mouse
INV08836,smartphone
INV05321,desktop
INV03195,headphone
INV04700,note_book
INV02900,headphone
INV00534,monitor
INV01980,smartphone
INV02418,keyboard
INV07825,mouse
INV08063,desktop
INV07605,desktop
INV09779,smartphone
INV08436,clocks
INV05335,smartphone
INV01954,mouse
INV05953,smartphone
INV01923,smartphone
INV07729,keyboard
INV08516,keyboard
INV08981,monitor
INV09473,
INV06992,mouse
INV02120,desktop
INV09602,smartphone
INV06326,notebook
INV05350,mouse
INV01937,mouse
INV07968,mouse
INV06704,mouse
INV09849,mouse
INV01511,headphone
INV09768,printer
INV05743,
INV09176,headphone
INV05210,mouse
INV09376,tv
INV09820,notebook
INV06775,mouse
INV06428,smartphone
INV00639,headphone
INV03402,headphone
INV00091,notebook
INV03795,smartphone
INV00041,desktop
INV08931,headphone
INV02640,mouse
INV09060,tv
INV03582,notebook
INV00029,mouse
INV01255,keyboard
INV08167,notebook
INV06572,notebook
INV07955,smartphone
INV03174,headphone
INV01128,smartphone
INV06378,headphone
INV09083,desktop
INV03660,notebook
INV04794,headphone
INV09084,monitor
INV03776,tv
INV08208,mouse
INV02806,mouse
INV07833,keyboard
INV09730,desktop
INV09046,desktop
INV08004,mouse
INV05005,monitor
INV04758,keyboard
INV04921,smartphone
INV03489,desktop
INV06275,smartphone
INV03562,keyboard
INV01162,notebook
INV05576,desktop
INV07450,mouse
INV04263,notebook
INV03137,smartphone
INV04151,keyboard
INV04202,monitor
INV03040,notebook
INV05330,monitor
INV03556,smartphone
INV08294,mouse
INV00699,notebook
INV09969,notebook
INV09463,keyboard
INV07761,desktop
INV05022,mouse
INV04410,headphone
INV02788,mouse
INV03973,smartphone
INV00124,headphone
INV07879,smartphone
INV02542,keyboard
INV06815,clocks
INV09548,notebook
INV02822,notebook
INV00815,clocks
INV09963,keyboard
INV07503,smartphone
INV04761,keyboard
INV08607,smartphone
INV06046,smartphone
INV08697,mause
INV07326,smartphone
INV04646,keyboard
INV07066,headphone
INV01103,headphone
INV05828,keyboard
INV05441,mouse
INV06093,desktop
INV02902,desktop
INV04971,notebook
INV01590,mouse
INV06975,smartphone
INV09241,mouse
INV09766,smartphone
INV07671,keyboard
INV04125,keyboard
INV07262,headphone
INV00393,headphone
INV04151,monitor
INV06531,tablet
INV01250,smartphone
INV05346,smartphone
INV01623,mouse
INV04960,headphone
INV01405,clocks
INV05137,notebook
INV03473,mouse
INV06698,headphone
INV02192,clocks
INV06159,monitor
INV00054,notebook
INV01782,clocks
INV09548,mouse
INV02267,clocks
INV03806,keyboard
INV02774,smartphone
INV04470,mouse
INV08819,mouse
INV08070,mouse
INV07102,clocks
INV02941,tv
INV03169,smartphone
INV00030,smartphone
INV07223,monitor
INV03571,desktop
INV03295,mouse
INV02719,mouse
INV09629,smartphone
INV04118,keyboard
INV00952,mouse
INV02918,headphone
INV05217,mouse
INV02831,keyboard
INV06992,notebook
INV02063,headphone
INV03995,mouse
INV00121,headphone
INV09225,notebook
INV01417,notebook
INV00974,notebook
INV08961,monitor
INV05621,monitor
INV04635,headphone
INV05841,notebook
INV09269,mouse
INV05159,smartphone
INV03448,headphone
INV07482,mouse
INV07265,notebook
INV01657,monitor
INV00725,smartphone
INV09957,smartphone
INV07063,notebook
INV03916,notebook
INV01730,mouse
INV00024,mouse
INV05341,headphone
INV06783,keyboard
INV06499,desktop
INV06110,smartphone
INV07158,notebook
INV08908,
INV09854,smartphone
INV01842,notebook
INV06117,headphone
INV05496,keyboard
INV09444,smartphone
INV03002,keyboard
INV04417,headphone
INV07129,keyboard
INV09747,smartphone
INV08150,smartphone
INV06798,notebook
INV03924,notebook
INV05015,clocks
INV05071,clocks
INV07728,notebook
INV08666,mouse
INV04935,monitor
INV03939,smartphone
INV08333,notebook
INV04955,desktop
INV07693,mouse
INV02840,notebook
INV03726,desktop
INV08116,headphone
INV07365,notebook
INV04336,notebook
INV06619,clocks
INV08761,notebook
INV05277,keyboard
INV08579,smartphone
INV07110,tablet
INV00263,clocks
INV05226,headphone
INV09982,clocks
INV07869,clocks
INV05165,keyboard
INV01258,key_board
INV00110,notebook
INV00596,smartphone
INV06626,note_book
INV03563,smartphone
INV00409,keyboard
INV03522,desktop
INV07992,notebook
INV04716,desktop
INV03949,smartphone
INV08951,mouse
INV07155,keyboard
INV05253,clocks
INV02615,clocks
INV02509,monitor
INV06420,headphone
INV05939,headphone
INV03614,keyboard
INV04858,headphone
INV09013,smartphone
INV08119,notebook
INV09090,headphone
INV07098,mouse
INV01514,monitor
INV00146,smartphone
INV07315,notebook
INV09126,smartphone
INV04814,headphone
INV00276,headphone
INV07856,key_board
INV04342,headphone
INV04072,mouse
INV07757,keyboard
INV05458,monitor
INV00610,mouse
INV03115,headphone
INV02824,smartphone
INV08383,keyboard
INV05877,mause
INV01677,smartphone
INV01154,clocks
INV07084,keyboard
INV02755,desktop
INV01647,monitor
INV05137,smartphone
INV07247,mouse
INV07905,notebook
INV04312,smartphone
INV00110,mouse
INV06955,notebook
INV00280,headphone
INV07197,mouse
INV09925,monitor
INV06049,smartphone
INV03988,mouse
INV09813,keyboard
INV07541,smartphone
INV01568,notebook
INV04756,notebook
INV02189,headphone
INV05187,keyboard
INV00557,printer
INV00221,mouse
INV00324,notebook
INV06706,monitor
INV06038,monitor
INV00573,smartphone
INV03276,smartphone
INV03393,desktop
INV05496,notebook
INV01338,desktop
INV01292,notebook
INV06581,desktop
INV07447,smartphone
INV00118,keyboard
INV08447,desktop
INV07252,notebook
INV06005,clocks
INV00419,clocks
INV06830,mouse
INV09200,keyboard
INV08400,tv
INV02067,headphone
INV09951,mouse
INV08660,keyboard
INV08141,mouse
INV04542,notebook
INV03980,keyboard
INV01356,notebook
INV08239,tablet
INV02927,mouse
INV00154,headphone
INV01633,smartphone
INV08163,mouse
INV08115,tablet
INV08332,printer
INV08423,smartphone
INV03865,mouse
INV00770,monitor
INV09742,keyboard
INV02572,mouse
INV00377,headphone
INV06418,keyboard
INV07565,headphone
INV07456,notebook
INV01262,keyboard
INV01159,desktop
INV08282,printer
INV02669,keyboard
INV00421,headphone
INV04276,monitor
INV02568,headphone
INV05203,mouse
INV00182,smartphone
INV01164,mouse
INV07399,smartphone
INV03620,keyboard
INV02876,smartphone
INV06989,notebook
INV02780,keyboard
INV03542,smartphone
INV09151,mouse
INV06609,mouse
INV02885,desktop
INV00644,mouse
INV08456,headphone
INV08782,headphone
INV08339,clocks
INV00896,monitor
INV00128,smartphone
INV04259,desktop
INV07989,smartphone
INV00719,smartphone
INV06761,mouse
INV02190,clocks
INV08870,keyboard
INV01466,keyboard
INV02541,keyboard
INV08839,headphone
INV05023,smartphone
INV08189,keyboard
INV03666,headphone
INV01670,keyboard
INV03259,keyboard
INV04258,mouse
INV01594,notebook
INV05503,smartphone
INV03433,mouse
INV03191,smartphone
INV02896,smartphone
INV06907,desktop
INV02078,mouse
INV09740,notebook
INV05885,mouse
INV00890,notebook
INV06633,desktop
INV08483,headphone
INV00282,notebook
INV04425,desktop
INV03597,headphone
INV01495,notebook
INV06880,keyboard
INV09016,mouse
INV04741,keyboard
INV06889,smartphone
INV04804,notebook
INV04340,keyboard
INV01077,smartphone
INV09705,keyboard
INV08200,headphone
INV07388,notebook
INV00895,printer
INV08795,monitor
INV04333,desktop
INV09395,clocks
INV00954,keyboard
INV05447,mouse
INV02476,smartphone
INV04307,keyboard
INV05760,keyboard
INV06452,mouse
INV03863,clocks
INV02361,smartphone
INV09613,notebook
INV09415,smartphone
INV02168,smartphone
INV04194,smartphone
INV01472,clocks
INV01481,mouse
INV02470,smartphone
INV03754,monitor
INV08885,mouse
INV03256,headphone
INV05416,tv
INV03870,keyboard
INV01017,
INV08360,smartphone
INV04350,keyboard
INV03526,notebook
INV09630,notebook
INV02500,keyboard
INV06172,tablet
INV05975,smartphone
INV05129,smartphone
INV05604,tv
INV07185,monitor
INV03880,notebook
INV04862,keyboard
INV09463,notebook
INV09554,keyboard
INV07676,notebook
INV07008,monitor
INV06314,monitor
INV07300,clocks
INV04629,notebook
INV01851,keyboard
INV01096,notebook
INV07297,headphone
INV04573,notebook
INV01956,desktop
INV01554,keyboard
INV06827,smartphone
INV08229,keyboard
INV04555,desktop
INV09322,keyboard
INV03168,monitor
INV01236,headphone
INV00565,smartphone
INV06559,notebook
INV06642,smartphone
INV03760,notebook
INV04611,smartphone
INV09694,monitor
INV08526,smartphone
INV02956,notebook
INV00664,headphone
INV02211,smartphone
INV07311,keyboard
INV02836,keyboard
INV03554,headphone
INV04888,smartphone
INV01894,mouse
INV05936,mouse
INV02502,keyboard
INV07050,mouse
INV02970,mouse
INV07717,notebook
INV06750,clocks
INV04672,keyboard
INV04475,notebook
INV02598,mouse
INV01608,
INV01880,notebook
INV00652,desktop
INV07861,headphone
INV01873,desktop
INV08280,mouse
INV02054,mouse
INV01843,clocks
INV02572,notebook
INV06763,notebook
INV07514,mouse
INV05421,headphone
INV05574,notebook
INV08624,headphone
INV05925,smartphone
INV08311,monitor
INV04298,keyboard
INV09610,notebook
INV05902,mouse
INV07490,headphone
INV06604,monitor
INV05214,clocks
INV01837,monitor
INV03731,smartphone
INV02084,mouse
INV02244,desktop
INV09889,smartphone
INV01320,monitor
INV06300,monitor
INV07127,smartphone
INV04725,smartphone
INV06891,clocks
INV09727,keyboard
INV09136,mouse
INV06242,smartphone
INV09325,tv
INV01378,mouse
INV02892,clocks
INV07783,
INV02003,smartphone
INV03373,smatphone
INV03904,headphone
INV07933,smartphone
INV03334,clocks
INV08181,monitor
INV01527,headphone
INV03135,keyboard
INV05484,mouse
INV01819,mouse
INV04805,desktop
INV03616,notebook
INV03695,smartphone
INV06171,mouse
INV02647,mouse
INV07749,mouse
INV01586,mouse
INV01764,notebook
INV00413,keyboard
INV01423,keyboard
INV09325,monitor
INV07183,keyboard
INV04204,mouse
INV00710,smartphone
INV00881,smartphone
INV03633,mouse
INV03888,headphone
INV01733,clocks
INV00101,smartphone
INV08388,mouse
INV07803,desktop
INV01486,keyboard
INV04173,mouse
INV06289,notebook
INV06421,smartphone
INV04605,keyboard
INV05659,smartphone
INV00383,mouse
INV04342,smartphone
INV03520,mouse
INV07726,notebook
INV01026,smartphone
INV07250,headphone
INV06641,keyboard
INV00560,keyboard
INV05499,mouse
INV03272,mouse
INV03176,keyboard
INV08833,notebook
INV00297,headphone
INV09446,notebook
INV08976,clocks
INV07851,monitor
INV01581,monitor
INV02625,
INV06467,keyboard
INV05809,keyboard
INV01224,clocks
INV09821,mouse
INV08808,desktop
INV06870,mouse
INV02422,headphone
INV07903,monitor
INV04782,monitor
INV05937,desktop
INV09566,smartphone
INV00852,headphone
INV06534,desktop
INV06039,notebook
INV07582,note_book
INV02480,clocks
INV01262,notebook
INV03151,notebook
INV07112,mouse
INV08193,smartphone
INV01008,monitor
INV04057,headphone
INV08165,mause
INV05316,smartphone
INV07547,smartphone
INV08650,desktop
INV08161,smartphone
INV04040,desktop
INV02972,monitor
INV09086,mouse
INV06811,smartphone
INV00687,headphone
INV00213,notebook
INV02813,notebook
INV05673,clocks
INV04208,notebook
INV04801,headphone
INV05972,mouse
INV04684,mouse
INV01085,smartphone
INV04129,clocks
INV06471,smartphone
INV06473,desktop
INV09645,mouse
INV09697,mouse
INV07246,smartphone
INV09910,headphone
INV06580,clocks
INV06591,headphone
INV00853,mouse
INV09119,clocks
INV02706,mouse
INV01780,headphone
INV09108,notebook
INV02207,clocks
INV05051,smartphone
INV09909,mouse
INV09706,keyboard
INV06357,keyboard
INV04617,keyboard
INV04371,keyboard
INV07971,mouse
INV02536,headphone
INV08427,headphone
INV05549,headphone
INV03501,desktop
INV02318,headphone
INV04990,smartphone
INV07147,headphone
INV07350,keyboard
INV03552,mouse
INV02785,mouse
INV01331,desktop
INV05702,keyboard
INV09633,clocks
INV04027,clocks
INV00104,keyboard
INV06890,smartphone
INV01530,printer
INV09998,notebook
INV02054,keyboard
INV00705,smartphone
INV08005,monitor
INV01148,headphone
INV04033,keyboard
INV04703,printer
INV06623,notebook
INV00415,smartphone
INV07568,smartphone
INV04105,mouse
INV03808,clocks
INV08876,clocks
INV08748,mouse
INV02056,smartphone
INV04331,desktop
INV05228,monitor
INV03482,mouse
INV02706,monitor
INV01173,smartphone
INV09025,smartphone
INV04256,desktop
INV07651,notebook
INV03451,keyboard
INV07695,headphone
INV03512,clocks
INV02242,keyboard
INV00391,clocks
INV09513,keyboard
INV05617,smartphone
INV05116,desktop
INV08867,smartphone
INV08232,headphone
INV08677,smartphone
INV03866,tablet
INV00903,clocks
INV03852,notebook
INV02159,smartphone
INV06845,mouse
INV02617,notebook
INV06133,clocks
INV08461,headphone
INV09394,mouse
INV08036,smartphone
INV06806,mouse
INV07678,smartphone
INV02134,smartphone
INV05208,keyboard
INV09314,smartphone
INV05183,headphone
INV05349,mouse
INV01061,mouse
INV02883,desktop
INV08289,monitor
INV03493,smartphone
INV02084,keyboard
INV03116,desktop
INV04367,mouse
INV04215,keyboard
INV02316,smartphone
INV06058,headphone
INV05996,mouse
INV04730,notebook
INV04478,smartphone
INV01641,smartphone
INV03980,mouse
INV08428,mouse
INV02569,smartphone
INV07339,mouse
INV08874,headphone
INV01700,printer
INV00281,clocks
INV02288,desktop
INV02507,smartphone
INV05467,headphone
INV00159,tv
INV08002,keyboard
INV01175,keyboard
INV05881,keyboard
INV02294,clocks
INV05382,smartphone
INV07677,clocks
INV05620,headphone
INV07160,smartphone
INV00293,smartphone
INV05500,smartphone
INV02465,mouse
INV08072,notebook
INV07228,desktop
INV09407,mouse
INV06377,desktop
INV05352,desktop
INV02943,headphone
INV06221,notebook
INV04786,smartphone
INV02252,tablet
INV06021,notebook
INV04243,monitor
INV06495,monitor
INV06009,keyboard
INV00823,clocks
INV05581,keyboard
INV03432,smartphone
INV03094,clocks
INV09676,desktop
INV04803,keyboard
INV08182,keyboard
INV07569,smartphone
INV03468,monitor
INV03317,notebook
INV09581,desktop
INV00481,mouse
INV07206,desktop
INV04309,desktop
INV08752,notebook
INV09116,notebook
INV03618,notebook
INV09646,desktop
INV05721,desktop
INV09395,mouse
INV02357,mouse
INV00043,mouse
INV01828,keyboard
INV07883,smartphone
INV05844,smartphone
INV04069,smartphone
INV07667,headphone
INV07467,notebook
INV08065,monitor
INV03125,headphone
INV00318,clocks
INV05294,monitor
INV06387,smartphone
INV00107,desktop
INV01469,notebook
INV08796,keyboard
INV07695,smartphone
INV09582,smartphone
INV03798,notebook
INV05772,smartphone
INV02401,smartphone
INV00107,monitor
INV00558,smartphone
INV07355,keyboard
INV09396,notebook
INV01566,keyboard
INV08274,smartphone
INV05617,headphone
INV05365,headphone
INV05291,monitor
INV07098,keyboard
INV01346,clocks
INV01291,keyboard
INV02028,mouse
INV01537,mouse
INV05293,mouse
INV05482,clocks
INV05229,mouse
INV09095,smartphone
INV07665,smartphone
INV09945,clocks
INV07428,smartphone
INV08265,desktop
INV05424,smartphone
INV01104,smartphone
INV09912,clocks
INV00938,smartphone
INV08450,monitor
INV00653,mouse
INV09725,smartphone
INV02581,smartphone
INV00340,clocks
INV01419,
INV09015,tv
INV01298,mouse
INV02660,notebook
INV04678,headphone
INV05367,clocks
INV07546,keyboard
INV03778,desktop
INV09665,mouse
INV04540,mouse
INV06601,monitor
INV03670,smartphone
INV09344,smartphone
INV09708,notebook
INV07672,smartphone
INV02489,smartphone
INV05652,notebook
INV06296,notebook
INV09164,mouse
INV08385,keyboard
INV08248,headphone
INV09191,monitor
INV04331,mouse
INV05038,smartphone
INV02915,desktop
INV05045,monitor
INV04120,notebook
INV00424,notebook
INV05932,desktop
INV02624,keyboard
INV02379,printer
INV01617,keyboard
INV03514,mouse
INV03562,monitor
INV02289,smartphone
INV02358,monitor
INV05098,desktop
INV08246,notebook
INV05314,mouse
INV04135,desktop
INV01906,mouse
INV03319,headphone
INV01498,monitor
INV01124,keyboard
INV05498,mouse
INV09714,clocks
INV02116,headphone
INV08021,mause
INV07075,tablet
INV06605,keyboard
INV02850,headphone
INV00457,smartphone
INV05962,notebook
INV03328,monitor
INV03310,notebook
INV07837,desktop
INV01240,smatphone
INV05215,desktop
INV05338,desktop
INV04250,clocks
INV07932,notebook
INV02878,clocks
INV04737,smartphone
INV05904,keyboard
INV02889,clocks
INV05269,smartphone
INV01973,mouse
INV02605,notebook
INV01991,notebook
INV09314,headphone
INV03258,headphone
INV03487,mouse
INV07524,notebook
INV00482,clocks
INV05771,keyboard
INV08478,smartphone
INV01968,desktop
INV09579,
INV03207,smartphone
INV03849,monitor
INV08885,keyboard
INV01449,keyboard
INV06859,mouse
INV07985,notebook
INV09470,headphone
INV06068,smartphone
INV05378,mouse
INV07600,notebook
INV04310,smartphone
INV02884,headphone
INV01948,smartphone
INV09721,smartphone
INV07776,smartphone
INV02745,keyboard
INV01775,mouse
INV06963,headphone
INV08508,smartphone
INV09576,notebook
INV03351,notebook
INV03979,mouse
INV06093,monitor
INV02677,smartphone
INV00383,monitor
INV06449,notebook
INV06114,desktop
INV08433,keyboard
INV02635,monitor
INV03030,mouse
INV01435,notebook
INV04003,smartphone
INV07948,clocks
INV03256,smartphone
INV06175,notebook
INV08905,smartphone
INV09551,smartphone
INV04637,keyboard
INV06304,headphone
INV06188,headphone
INV04787,keyboard
INV02167,keyboard
INV02421,smartphone
INV08348,headphone
INV03619,smartphone
INV05738,clocks
INV03895,smartphone
INV07093,desktop
INV04576,keyboard
INV09894,smartphone
INV00370,clocks
INV06947,notebook
INV02787,smartphone
INV01712,keyboard
INV04576,mouse
INV06437,mouse
INV08589,mouse
INV08456,smartphone
INV02280,smartphone
INV09352,notebook
INV09108,mouse
INV04663,headphone
INV06015,mouse
INV02216,smartphone
INV09279,clocks
INV04110,notebook
INV02150,notebook
INV08717,clocks
INV08440,tv
INV00126,monitor
INV05548,keyboard
INV09468,headphone
INV04684,keyboard
INV00012,notebook
INV05888,headphone
INV08022,mouse
INV05354,smartphone
INV02968,notebook
INV01949,desktop
INV02895,mouse
INV07192,desktop
INV08551,note_book
INV02104,smartphone
INV08621,headphone
INV01945,note_book
INV01704,
INV07163,desktop
INV09870,keyboard
INV02738,headphone
INV06374,notebook
INV03286,headphone
INV01003,smartphone
INV03972,desktop
INV08528,clocks
INV04830,smartphone
INV02549,clocks
INV07622,mouse
INV09062,notebook
INV06687,smartphone
INV09626,notebook
INV09870,monitor
INV04033,notebook
INV02265,keyboard
INV03430,desktop
INV03337,smartphone
INV00919,mouse
INV00593,smartphone
INV06301,headphone
INV01640,mouse
INV01375,mouse
INV04469,mouse
INV08699,mouse
INV02658,key_board
INV02042,desktop
INV03199,keyboard
INV07547,headphone
INV03963,mouse
INV08237,headphone
INV08182,desktop
INV08680,desktop
INV05019,notebook
INV05798,keyboard
INV00432,mouse
INV05561,notebook
INV00762,smartphone
INV02713,mouse
INV07385,smartphone
INV04667,smartphone
INV02758,notebook
INV09309,keyboard
INV08325,mouse
INV02660,notebook
INV04491,tv
INV09121,mouse
INV08123,clocks
INV03090,smartphone
INV05392,mouse
INV01519,mouse
INV08192,notebook
INV04235,smartphone
INV00423,mouse
INV02811,mouse
INV06302,headphone
INV07976,smartphone
INV08041,keyboard
INV00660,smartphone
INV02485,smartphone
INV08445,keyboard
INV02153,notebook
INV09899,printer
INV02900,smartphone
INV04918,headphone
INV01656,notebook
INV04900,notebook
INV07041,monitor
INV06122,clocks
INV00583,clocks
INV04698,tablet
INV05917,smartphone
INV04723,headphone
INV05794,smartphone
INV04940,desktop
INV08984,desktop
INV05153,monitor
INV07463,clocks
INV05745,desktop
INV02455,clocks
INV08555,keyboard
INV07925,notebook
INV02999,keyboard
INV02912,smartphone
INV05478,clocks
INV01562,smartphone
INV00003,smatphone
INV06377,mouse
INV00601,keyboard
INV01551,headphone
INV09909,desktop
INV05417,mouse
INV09950,mouse
INV00276,clocks
INV08238,mouse
INV07125,mouse
INV06122,headphone
INV06038,desktop
INV04523,monitor
INV07254,desktop
INV08791,notebook
INV03308,clocks
INV08292,smartphone
INV07998,keyboard
INV02396,tv
INV07694,desktop
INV03147,clocks
INV04140,keyboard
INV00426,headphone
INV05510,mouse
INV08465,mouse
INV03600,clocks
INV08916,notebook
INV06771,monitor
INV03786,monitor
INV06537,printer
INV00596,headphone
INV03718,mouse
INV07737,headphone
INV00287,notebook
INV01682,notebook
INV00052,headphone
INV01300,notebook
INV06860,mouse
INV09160,keyboard
INV06003,smartphone
INV02340,mouse
INV01228,tablet
INV09338,mouse
INV01008,mouse
INV05109,smartphone
INV00667,smartphone
INV07847,clocks
INV01005,notebook
INV03621,monitor
INV03081,headphone
INV07420,smartphone
INV07108,notebook
INV05350,keyboard
INV09720,smartphone
INV03478,headphone
INV03116,keyboard
INV08627,keyboard
INV01645,desktop
INV00127,mouse
INV09094,mouse
INV08710,monitor
INV05436,mouse
INV03986,notebook
INV07914,printer
INV00867,headphone
INV07237,mouse
INV01216,mouse
INV07981,notebook
INV03274,monitor
INV01102,desktop
INV08128,smartphone
INV06817,smartphone
INV01981,keyboard
INV02801,keyboard
INV03840,notebook
INV06245,smartphone
INV04629,keyboard
INV07308,headphone
INV06838,notebook
INV07475,keyboard
INV09138,mouse
INV07047,notebook
INV02907,key_board
INV06112,clocks
INV05344,notebook
INV02431,desktop
INV09770,headphone
INV09069,notebook
INV09684,notebook
INV09439,notebook
INV09303,headphone
INV07837,mouse
INV09785,clocks
INV01638,smatphone
INV05782,keyboard
INV05317,headphone
INV01728,clocks
INV03764,keyboard
INV05434,keyboard
INV01339,mouse
INV02839,smartphone
INV07362,headphone
INV04416,monitor
INV00559,key_board
INV09302,headphone
INV03557,clocks
INV01201,keyboard
INV06836,notebook
INV06317,notebook
INV02227,smartphone
INV08503,mouse
INV03403,mouse
INV09950,notebook
INV00800,headphone
INV07805,desktop
INV04974,notebook
INV04094,keyboard
INV04437,desktop
INV07210,clocks
INV01759,keyboard
INV07729,desktop
INV03647,desktop
INV02929,smartphone
INV05526,desktop
INV01815,mouse
INV06222,smartphone
INV00219,tv
INV02007,smatphone
INV03424,notebook
INV05007,tablet
INV08055,monitor
INV03080,mouse
INV07039,keyboard
INV05697,tv
INV07904,monitor
INV08078,headphone
INV02410,mouse
INV04604,keyboard
INV05599,clocks
INV07876,headphone
INV06108,headphone
INV07659,mouse
INV09785,headphone
INV00907,keyboard
INV03852,mouse
INV02451,notebook
INV04648,desktop
INV01356,mouse
INV03716,headphone
INV08731,clocks
INV01788,keyboard
INV07270,notebook
INV07751,keyboard
INV09688,clocks
INV01292,mouse
INV00716,headphone
INV06303,smartphone
INV02154,notebook
INV01132,headphone
INV02700,notebook
INV09600,
INV08179,printer
INV01002,clocks
INV07719,monitor
INV07506,headphone
INV04353,mouse
INV02548,
INV01934,mouse
INV01606,keyboard
INV07433,smartphone
INV03196,clocks
INV01485,mouse
INV05150,monitor
INV04802,keyboard
INV02356,headphone
INV01866,headphone
INV09795,desktop
INV03247,notebook
INV07100,headphone
INV04083,headphone
INV08929,keyboard
INV03639,keyboard
INV03369,mouse
INV02483,smartphone
INV06369,headphone
INV02882,keyboard
INV02939,tablet
INV05545,keyboard
INV00188,desktop
INV01283,notebook
INV00911,headphone
INV01978,monitor
INV09519,desktop
INV04445,notebook
INV05057,smartphone
INV08486,smartphone
INV09117,monitor
INV05075,monitor
INV05908,monitor
INV09206,smartphone
INV03911,smartphone
INV01861,tv
INV04341,notebook
INV06215,notebook
INV01381,keyboard
INV09204,tablet
INV05653,headphone
INV09880,monitor
INV04496,mouse
INV08036,headphone
INV03086,smartphone
INV06447,monitor
INV09826,monitor
INV01091,desktop
INV09689,headphone
INV04596,clocks
INV01819,notebook
INV08552,clocks
INV00046,clocks
INV01993,smartphone
INV09730,mouse
INV06223,notebook
INV02395,clocks
INV09011,smartphone
INV09482,smartphone
INV08650,mouse
INV09071,smartphone
INV07496,headphone
INV09707,smartphone
INV09866,mouse
INV01306,desktop
INV05374,tablet
INV00809,smartphone
INV08289,desktop
INV05781,notebook
INV01515,smartphone
INV08971,mouse
INV07796,mouse
INV07958,notebook
INV06873,desktop
INV00896,notebook
INV03693,key_board
INV06625,
INV04190,notebook
INV07566,notebook
INV08965,headphone
INV03061,smartphone
INV08331,notebook
INV00223,desktop
INV09954,headphone
INV04222,smartphone
INV03702,headphone
INV02611,desktop
INV03669,tv
INV06305,keyboard
INV07055,smartphone
INV09166,notebook
INV08518,desktop
INV01232,keyboard
INV01400,tv
INV03224,desktop
INV03874,headphone
INV04008,clocks
INV06507,smartphone
INV04888,headphone
INV06142,mouse
INV09667,smartphone
INV05688,smartphone
INV03999,
INV09925,keyboard
INV08296,mouse
INV06446,monitor
INV05279,smartphone
INV02821,headphone
INV08625,monitor
INV01139,monitor
INV02207,headphone
INV05723,headphone
INV09324,mouse
INV07637,monitor
INV07559,monitor
INV09215,notebook
INV08404,notebook
INV04191,smartphone
INV07414,headphone
INV09465,notebook
INV00064,smartphone
INV02393,smartphone
INV07144,keyboard
INV00366,mouse
INV00692,desktop
INV06417,notebook
INV05594,monitor
INV02189,smartphone
INV07086,notebook
INV09448,keyboard
INV05875,clocks
INV00703,headphone
INV08838,headphone
INV06153,keyboard
INV00693,notebook
INV08477,monitor
INV09346,
INV05151,smartphone
INV09321,notebook
INV07865,keyboard
INV00314,mouse
INV08534,mouse
INV07439,notebook
INV03430,keyboard
INV09312,mouse
INV01890,desktop
INV04776,monitor
INV07485,mouse
INV05872,mouse
INV03374,mouse
INV02260,smartphone
INV03650,notebook
INV08871,tablet
INV07406,notebook
INV06696,keyboard
INV09225,keyboard
INV04803,desktop
INV09410,notebook
INV02588,keyboard
INV04767,notebook
INV09226,notebook
INV02123,monitor
INV08144,smartphone
INV07358,notebook
INV07680,clocks
INV02236,notebook
INV07012,smartphone
INV03146,headphone
INV00404,headphone
INV00362,mouse
INV04302,monitor
INV05509,monitor
INV05551,smartphone
INV01549,headphone
INV07201,notebook
INV05796,desktop
INV09054,tv
INV06113,mouse
INV04409,mouse
INV04426,desktop
INV06261,keyboard
INV05035,notebook
INV02291,clocks
INV08913,smartphone
INV03963,notebook
INV07327,notebook
INV03697,mouse
INV07671,desktop
INV08417,printer
INV06060,key_board
INV07068,printer
INV03237,smartphone
INV02537,monitor
INV08457,notebook
INV08341,notebook
INV01068,monitor
INV03068,headphone
INV08190,notebook
INV09127,mouse
INV02761,desktop
INV01118,keyboard
INV08829,headphone
INV02794,notebook
INV03603,headphone
INV06727,clocks
INV02401,headphone
INV09128,smartphone
INV02503,headphone
INV05275,headphone
INV03873,monitor
INV01607,smartphone
INV09879,mouse
INV04797,notebook
INV02812,monitor
INV04665,notebook
INV08584,smartphone
INV08794,clocks
INV05648,monitor
INV07354,smartphone
INV08787,smartphone
INV09963,notebook
INV08121,mouse
INV05525,smartphone
INV00645,smartphone
INV07065,keyboard
INV02592,smartphone
INV02218,notebook
INV07105,clocks
INV00795,notebook
INV09426,keyboard
INV05867,keyboard
INV01155,mouse
INV09627,desktop
INV02225,mouse
INV06694,mouse
INV04141,desktop
INV07479,smartphone
INV07278,headphone
INV06206,smartphone
INV01928,smartphone
INV03462,keyboard
INV01321,notebook
INV00289,desktop
INV05341,clocks
INV04780,smartphone
INV07859,mouse
INV00577,headphone
INV02277,headphone
INV06440,tv
INV06089,headphone
INV00025,mouse
INV08106,notebook
INV02102,headphone
INV04523,monitor
INV05382,headphone
INV02630,keyboard
INV06557,notebook
INV06951,smartphone
INV07781,desktop
INV04642,smartphone
INV06440,clocks
INV03395,desktop
INV05907,monitor
INV02607,smartphone
INV02280,headphone
INV06652,headphone
INV09614,desktop
INV09332,notebook
INV00152,mause
INV00454,smartphone
INV07480,mouse
INV07318,desktop
INV01675,mouse
INV07865,notebook
INV05534,smatphone
INV06958,tablet
INV09618,headphone
INV05869,headphone
INV07088,keyboard
INV01036,monitor
INV03526,mouse
INV08369,keyboard
INV07470,headphone
INV09705,notebook
INV00215,notebook
INV02744,keyboard
INV02828,clocks
INV03386,mouse
INV02622,headphone
INV01263,notebook
INV07732,keyboard
INV03680,tablet
INV05125,keyboard
INV09477,monitor
INV08846,mouse
INV05929,notebook
INV07690,headphone
INV07739,desktop
INV07577,keyboard
INV09767,clocks
INV07434,clocks
INV09280,notebook
INV07258,smartphone
INV09770,smartphone
INV00585,mouse
INV06757,keyboard
INV09399,notebook
INV00267,headphone
INV04693,smartphone
INV08740,mouse
INV05332,clocks
INV00649,mouse
INV06326,keyboard
INV09724,clocks
INV01653,headphone
INV05122,keyboard
INV00696,mouse
INV00161,tv
INV02675,clocks
INV04134,desktop
INV08087,headphone
INV07382,notebook
INV08305,desktop
INV07922,smartphone
INV03509,printer
INV09702,clocks
INV07477,desktop
INV09812,notebook
INV03046,clocks
INV05787,printer
INV06249,keyboard
INV08264,headphone
INV03355,smartphone
INV05825,mouse
INV09090,clocks
INV09790,mouse
INV09787,desktop
INV03390,smartphone
INV05072,clocks
INV06800,notebook
INV06341,mouse
INV06403,clocks
INV01948,headphone
INV05093,mouse
INV05704,monitor
INV05282,tv
INV03028,smartphone
INV01575,smartphone
INV06465,monitor
INV05148,smartphone
INV06893,clocks
INV03621,smartphone
INV06209,notebook
INV01307,notebook
INV04803,
INV03646,keyboard
INV05215,monitor
INV07556,smartphone
INV04165,desktop
INV07062,keyboard
INV01603,monitor
INV01497,keyboard
INV04808,mouse
INV09022,headphone
INV09499,smartphone
INV01876,notebook
INV03095,headphone
INV01496,desktop
INV05184,smartphone
INV05547,keyboard
INV01150,keyboard
INV02785,notebook
INV00285,smartphone
INV08647,monitor
INV07200,keyboard
INV05657,notebook
INV03882,keyboard
INV06826,notebook
INV01931,notebook
INV04677,keyboard
INV04255,smartphone
INV04856,desktop
INV08032,keyboard
INV02598,notebook
INV07108,mouse
INV08300,clocks
INV09182,monitor
INV02087,smartphone
INV01996,notebook
INV04371,notebook
INV09596,desktop
INV04316,headphone
INV04056,headphone
INV08532,monitor
INV00603,smartphone
INV08301,desktop
INV09931,mouse
INV05612,headphone
INV09609,notebook
INV03557,smartphone
INV02451,keyboard
INV07435,mouse
INV08928,headphone
INV09226,mouse
INV00581,printer
INV00911,clocks
INV08269,mouse
INV07696,headphone
INV04706,notebook
INV09110,desktop
INV00587,smartphone
INV05267,mouse
INV03684,tv
INV09715,mouse
INV02055,headphone
INV04748,notebook
INV02500,keyboard
INV09822,notebook
INV02118,notebook
INV02420,mouse
INV00150,smartphone
INV00076,monitor
INV04996,smartphone
INV07767,mouse
INV01464,smartphone
INV08429,printer
INV00262,tv
INV07898,keyboard
INV09181,notebook
INV00027,keyboard
INV06802,headphone
INV09077,mouse
INV08283,smartphone
INV06482,
INV08499,headphone
INV07345,headphone
INV00366,desktop
INV04817,keyboard
INV05665,monitor
INV08674,notebook
INV02800,mouse
INV09372,smartphone
INV09082,keyboard
INV00859,clocks
INV09926,headphone
INV02744,keyboard
INV02091,keyboard
INV00917,mouse
INV06549,headphone
INV00391,smartphone
INV08592,mouse
INV04875,notebook
INV00087,smartphone
INV08597,mouse
INV09771,mouse
INV03047,tablet
INV07936,headphone
INV00138,smatphone
INV05862,smartphone
INV09556,tablet
INV08645,notebook
INV05885,notebook
INV02593,mouse
INV05093,desktop
INV08284,notebook
INV02244,printer
INV07286,monitor
INV06309,desktop
INV03852,mouse
INV04822,desktop
INV09300,desktop
INV05549,smartphone
INV01755,keyboard
INV01109,desktop
INV05758,keyboard
INV01608,clocks
INV08749,mouse
INV02215,mouse
INV02827,desktop
INV06008,desktop
INV06834,headphone
INV01496,mouse
INV01480,monitor
INV04581,desktop
INV01650,notebook
INV09510,desktop
INV05521,clocks
INV03979,desktop
INV07162,notebook
INV08995,notebook
INV05348,notebook
INV05599,smartphone
INV09981,monitor
INV08028,keyboard
INV02275,mouse
INV05273,smartphone
INV03860,monitor
INV04100,notebook
INV03780,notebook
INV06551,keyboard
INV02349,headphone
INV09638,mouse
INV06622,smartphone
INV09285,desktop
INV08373,desktop
INV08755,clocks
INV04720,clocks
INV02954,headphone
INV01543,smartphone
INV04063,clocks
INV07266,desktop
INV06487,clocks
INV02735,keyboard
INV04001,monitor
INV00399,headphone
INV05018,smartphone
INV08055,keyboard
INV04968,smartphone
INV06754,headphone
INV06059,mouse
INV05040,notebook
INV02042,mouse
INV02176,headphone
INV04915,clocks
INV02518,clocks
INV07064,headphone
INV04585,monitor
INV07861,smartphone
INV04212,smartphone
INV09392,keyboard
INV08891,smartphone
INV04968,headphone
INV08255,monitor
INV08919,clocks
INV03803,key_board
INV02938,smartphone
INV01588,mouse
INV01802,notebook
INV08790,monitor
INV08438,keyboard
INV03678,keyboard
INV08173,clocks
INV01021,clocks
INV04777,keyboard
INV09442,mouse
INV00466,
INV07915,headphone
INV00546,mouse
INV05571,mouse
INV08370,mouse
INV04260,notebook
INV05916,smartphone
INV04086,monitor
INV02815,monitor
INV05718,monitor
INV07412,monitor
INV06832,smartphone
INV02855,headphone
INV09246,monitor
INV06710,smartphone
INV07705,keyboard
INV02813,mouse
INV03069,mouse
INV02169,desktop
INV04419,desktop
INV04819,clocks
INV08729,mouse
INV06788,monitor
INV03950,headphone
INV08178,monitor
INV06202,desktop
INV06155,mouse
INV06671,notebook
INV01378,keyboard
INV04967,notebook
INV03729,clocks
INV09079,mouse
INV04508,notebook
INV01837,mouse
INV02190,smartphone
INV07324,smartphone
INV07245,mouse
INV06606,mouse
INV07096,clocks
INV05863,smartphone
INV03733,headphone
INV06303,headphone
INV01839,mouse
INV06965,clocks
INV02746,mouse
INV07707,mouse
INV07149,desktop
INV07657,smartphone
INV02908,notebook
INV05072,smartphone
INV02022,mause
INV02031,mouse
INV03575,clocks
INV01955,mouse
INV07883,
INV06521,headphone
INV03185,headphone
INV05483,smartphone
INV02615,smartphone
INV09793,clocks
INV08275,smartphone
INV02629,headphone
INV07654,headphone
INV02784,mouse
INV01741,keyboard
INV08195,monitor
INV08842,smartphone
INV08243,notebook
INV03823,smartphone
INV06231,smartphone
INV00334,notebook
INV02636,notebook
INV00746,keyboard
INV03954,
INV04389,desktop
INV01606,notebook
INV05474,smartphone
INV03808,
INV08600,notebook
INV08450,desktop
INV08157,mouse
INV00189,keyboard
INV05037,keyboard
INV00205,desktop
INV09424,mouse
INV04193,headphone
INV00845,notebook
INV04658,mouse
INV07703,notebook
INV05088,clocks
INV05547,notebook
INV07226,headphone
INV00250,desktop
INV07431,monitor
INV02017,headphone
INV07838,keyboard
INV03440,headphone
INV01053,mouse
INV06869,keyboard
INV01941,notebook
INV05613,desktop
INV04334,desktop
INV07514,keyboard
INV07397,clocks
INV07156,monitor
INV02507,headphone
INV09103,smartphone
INV06860,keyboard
INV01456,keyboard
INV07449,smartphone
INV02764,smartphone
INV01161,smartphone
INV06146,mouse
INV01871,keyboard
INV00982,keyboard
INV01052,desktop
INV08885,desktop
INV07886,smartphone
INV05348,mouse
INV01341,headphone
INV09565,headphone
INV02250,headphone
INV01293,clocks
INV00669,keyboard
INV07549,headphone
INV03472,smartphone
INV03802,monitor
INV04810,smartphone
INV08365,mouse
INV06928,mouse
INV08075,notebook
INV02347,mouse
INV09057,monitor
INV06045,monitor
INV01019,keyboard
INV09058,smartphone
INV02954,clocks
INV05313,desktop
INV01881,mouse
INV03361,smartphone
INV03370,mouse
INV01549,printer
INV08479,smartphone
INV04466,mouse
INV07391,keyboard
INV03200,keyboard
INV08829,smartphone
INV09893,desktop
INV07318,keyboard
INV04702,headphone
INV07881,smartphone
INV04812,smartphone
INV02870,desktop
INV02090,smartphone
INV05019,keyboard
INV06589,headphone
INV00123,smartphone
INV09398,desktop
INV00374,notebook
INV08621,smartphone
INV06010,notebook
INV01592,desktop
INV02126,clocks
INV08506,smartphone
INV02603,monitor
INV02546,smartphone
INV05371,monitor
INV02032,mouse
INV08083,headphone
INV08383,notebook
INV02039,smartphone
INV01393,monitor
INV08212,desktop
INV05125,
INV04353,headphone
INV02537,clocks
INV06876,smartphone
INV02298,keyboard
INV04087,desktop
INV07575,headphone
INV00363,mouse
INV02729,headphone
INV00914,notebook
INV02778,notebook
INV00135,monitor
INV01372,tv
INV02759,desktop
INV03778,mouse
INV03606,monitor
INV09356,notebook
INV08287,notebook
INV07186,keyboard
INV02822,mouse
INV05791,smartphone
INV00567,keyboard
INV02518,headphone
INV02564,notebook
INV08565,smartphone
INV08571,smartphone
INV00389,desktop
INV05234,notebook
INV01939,smartphone
INV00967,smartphone
INV01681,smartphone
INV06210,tablet
INV01455,keyboard
INV04368,clocks
INV03749,tv
INV06349,keyboard
INV04640,tv
INV01394,notebook
INV06688,desktop
INV08799,smartphone
INV01731,mouse
INV09045,clocks
INV05336,desktop
INV08817,monitor
INV03035,clocks
INV08586,keyboard
INV03360,keyboard
INV05094,mouse
INV06342,headphone
INV03914,smartphone
INV07292,note_book
INV01365,mouse
INV09997,keyboard
INV09487,headphone
INV00736,keyboard
INV03259,mouse
INV02822,keyboard
INV01272,keyboard
INV03297,mouse
INV04245,notebook
INV02088,smartphone
INV03237,clocks
INV03351,mouse
INV07266,keyboard
INV07711,headphone
INV07138,mouse
INV00506,mouse
INV03371,keyboard
INV00384,keyboard
INV00908,notebook
INV05020,smartphone
INV06894,desktop
INV03227,clocks
INV04314,mouse
INV09038,monitor
INV09091,headphone
INV03344,smartphone
INV06967,
INV00514,headphone
INV09478,smartphone
INV00385,smartphone
INV01834,keyboard
INV01974,smartphone
INV09569,headphone
INV02744,mouse
INV09427,tablet
INV08935,monitor
INV03714,monitor
INV08053,headphone
INV06096,keyboard
INV07293,desktop
INV00481,desktop
INV07784,monitor
INV05283,headphone
INV01433,smartphone
INV05201,keyboard
INV01778,smartphone
INV03568,keyboard
INV04068,keyboard
INV09907,headphone
INV04283,clocks
INV05634,monitor
INV08735,smartphone
INV03968,smartphone
INV01125,headphone
INV04139,notebook
INV01519,desktop
INV02953,clocks
INV03160,smartphone
INV04347,smartphone
INV07754,smartphone
INV08447,mouse
INV00724,clocks
INV05056,smartphone
INV06805,notebook
INV07928,notebook
INV03466,notebook
INV07075,tv
INV02984,printer
INV09123,clocks
INV07970,clocks
INV05416,headphone
INV01093,mouse
INV09764,tablet
INV05624,mouse
INV07323,headphone
INV03359,keyboard
INV08107,smartphone
INV02561,notebook
INV07167,monitor
INV07745,headphone
INV06977,smartphone
INV00341,notebook
INV00806,mouse
INV08820,clocks
INV07835,keyboard
INV07950,smartphone
INV09398,mouse
INV09234,mouse
INV08182,mouse
INV03614,mouse
INV00880,desktop
INV08163,keyboard
INV05188,smartphone
INV06380,monitor
INV09973,
INV08632,mouse
INV09947,keyboard
INV02072,desktop
INV02775,notebook
INV01113,mouse
INV04934,mouse
INV07283,headphone
INV06998,mouse
INV09622,tv
INV06944,smartphone
INV04655,smartphone
INV07375,notebook
INV01278,smartphone
INV08340,notebook
INV06302,smartphone
INV09618,smartphone
INV08971,notebook
INV02849,clocks
INV07351,desktop
INV09361,mouse
INV03321,notebook
INV04965,notebook
INV07851,mouse
INV07559,mouse
INV05003,notebook
INV03909,monitor
INV07776,monitor
INV00036,keyboard
INV04446,
INV01002,headphone
INV03761,keyboard
INV03535,headphone
INV07819,clocks
INV03518,monitor
INV05932,monitor
INV08017,monitor
INV08329,notebook
INV05028,smartphone
INV08679,smartphone
INV05584,smartphone
INV06431,headphone
INV02624,monitor
INV07337,keyboard
INV08107,headphone
INV09839,smartphone
INV05395,notebook
INV01708,mouse
INV07733,headphone
INV03360,mouse
INV08446,desktop
INV06475,clocks
INV03093,smartphone
INV00088,notebook
INV06540,headphone
INV00832,mouse
INV03677,notebook
INV06525,smartphone
INV03171,headphone
INV01583,notebook
INV04627,headphone
INV05166,notebook
INV02073,clocks
INV06015,notebook
INV04948,keyboard
INV02316,clocks
INV03584,clocks
INV02834,mouse
INV02668,notebook
INV01217,headphone
INV01587,keyboard
INV02904,notebook
INV06689,monitor
INV00606,desktop
INV09941,desktop
INV06344,headphone
INV00458,monitor
INV07013,smartphone
INV00501,mouse
INV09419,smartphone
INV07183,mouse
INV08922,headphone
INV01314,headphone
INV00332,monitor
INV00162,keyboard
INV04789,headphone
INV09007,smartphone
INV00720,desktop
INV02224,smartphone
INV00363,notebook
INV03417,headphone
INV03142,keyboard
INV05826,
INV07753,headphone
INV09429,tablet
INV05895,tablet
INV03915,headphone
INV03405,desktop
INV09988,mouse
INV02176,smartphone
INV09265,keyboard
INV02936,desktop
INV05594,keyboard
INV02458,keyboard
INV09965,mouse
INV00473,notebook
INV09979,headphone
INV08045,keyboard
INV00604,keyboard
INV08408,notebook
INV06906,keyboard
INV07341,headphone
INV09189,clocks
INV05589,desktop
INV06927,clocks
INV00942,mouse
INV02212,clocks
INV01559,headphone
INV01610,mouse
INV03095,smartphone
INV07985,keyboard
INV06667,keyboard
INV01072,notebook
INV07784,monitor
INV04226,smartphone
INV09662,smartphone
INV01220,mouse
INV05105,printer
INV00645,headphone
INV06911,notebook
INV01510,desktop
INV01708,keyboard
INV09386,mouse
INV04252,headphone
INV01492,smartphone
INV00402,clocks
INV00020,monitor
INV09518,keyboard
INV01367,headphone
INV07134,keyboard
INV07894,smartphone
INV03709,smartphone
INV07447,headphone
INV00546,notebook
INV04510,keyboard
INV00232,headphone
INV07371,smartphone
INV04496,keyboard
INV02937,clocks
INV02255,smartphone
INV08518,monitor
INV08831,monitor
INV09270,smartphone
INV06758,keyboard
INV07576,smartphone
INV08431,smartphone
INV08361,mouse
INV09410,desktop
INV00511,smartphone
INV01744,smartphone
INV06593,notebook
INV09515,notebook
INV06128,keyboard
INV03163,mouse
INV07398,tablet
INV08322,headphone
INV07523,smartphone
INV00144,tv
INV09884,keyboard
INV08813,smartphone
INV09678,notebook
INV07613,desktop
INV08656,clocks
INV06230,smartphone
INV09150,smartphone
INV03736,smartphone
INV05232,keyboard
INV05300,smartphone
INV08165,notebook
INV00029,notebook
INV06845,notebook
INV08110,clocks
INV05998,keyboard
INV00527,mouse
INV00112,clocks
INV08271,monitor
INV07495,mouse
INV04860,smartphone
INV09472,desktop
INV09452,monitor
INV06370,desktop
INV06324,monitor
INV02406,headphone
INV02239,keyboard
INV07956,desktop
INV05381,notebook
INV05762,clocks
INV01498,desktop
INV05330,keyboard
INV01386,smartphone
INV07196,mouse
INV08013,smartphone
INV04909,desktop
INV06189,smartphone
INV04294,monitor
INV09592,mouse
INV03464,notebook
INV06160,keyboard
INV08566,smartphone
INV01470,tablet
INV06736,keyboard
INV08893,notebook
INV02231,notebook
INV09655,monitor
INV01452,notebook
INV04528,monitor
INV00234,clocks
INV03483,printer
INV08330,notebook
INV02652,monitor
INV01390,notebook
INV07461,smartphone
INV06273,notebook
INV06702,printer
INV04965,mouse
INV01011,smartphone
INV09065,monitor
INV09617,monitor
INV05793,keyboard
INV05769,mouse
INV01919,desktop
INV02831,mouse
INV00589,clocks
INV03583,desktop
INV00567,monitor
INV09468,smatphone
INV01952,mouse
INV05777,printer
INV04945,smartphone
INV03765,monitor
INV04771,smartphone
INV03520,keyboard
INV05608,notebook
INV05495,headphone
INV07521,monitor
INV01336,notebook
INV03366,keyboard
INV04448,headphone
INV08652,mouse
INV07990,monitor
INV03042,notebook
INV01376,smartphone
INV03434,keyboard
INV01841,headphone
INV04858,smartphone
INV07100,smartphone
INV08279,tv
INV09631,desktop
INV04241,keyboard
INV08873,mouse
INV03741,notebook
INV07788,smartphone
INV00863,smartphone
INV06445,smartphone
INV06979,smartphone
INV04826,mouse
INV06171,keyboard
INV06987,smartphone
INV05323,smartphone
INV02369,keyboard
INV03399,mouse
INV09316,monitor
INV08474,headphone
INV01912,keyboard
INV05041,notebook
INV09763,notebook
INV06852,clocks
INV06614,smartphone
INV04720,smartphone
INV04849,clocks
INV07912,headphone
INV03549,clocks
INV09389,keyboard
INV03713,notebook
INV06651,headphone
INV03089,monitor
INV01528,
INV03370,notebook
INV07115,mouse
INV04903,notebook
INV09224,keyboard
INV06825,desktop
INV08320,smartphone
INV07508,notebook
INV04660,smartphone
INV00731,headphone
INV06952,monitor
INV04547,notebook
INV06105,notebook
INV04548,smartphone
INV02419,mouse
INV01172,headphone
INV01504,clocks
INV07019,desktop
INV04924,notebook
INV05128,headphone
INV04631,smartphone
INV02974,clocks
INV01256,mouse
INV06046,headphone
INV03591,mouse
INV04970,desktop
INV05783,notebook
INV00242,smartphone
INV06568,keyboard
INV03738,smartphone
INV09233,clocks
INV03062,mouse
INV02254,notebook
INV02947,notebook
INV08540,clocks
INV02788,clocks
INV02051,mouse
INV00577,smartphone
INV05022,notebook
INV02142,headphone
INV09364,smartphone
INV02995,smartphone
INV06035,clocks
INV00599,keyboard
INV04546,monitor
INV08046,notebook
INV03421,notebook
INV08514,tv
INV03309,smartphone
INV00174,desktop
INV07978,notebook
INV01320,mouse
INV09764,monitor
INV01493,smartphone
INV05153,desktop
INV01678,notebook
INV09752,notebook
INV01029,notebook
INV06285,smartphone
INV08511,desktop
INV06726,monitor
INV02208,mouse
INV01456,desktop
INV04072,notebook
INV02527,mouse
INV04882,smartphone
INV00690,keyboard
INV01815,monitor
INV05106,notebook
INV03412,headphone
INV01364,desktop
INV05923,keyboard
INV01635,smartphone
INV09072,clocks
INV04019,keyboard
INV06409,monitor
INV05917,clocks
INV04526,keyboard
INV02585,smartphone
INV06598,headphone
INV07742,notebook
INV03297,notebook
INV06792,keyboard
INV03067,mouse
INV07043,smatphone
INV03800,mouse
INV05426,smartphone
INV02516,mouse
INV09180,notebook
INV04670,smartphone
INV03096,notebook
INV06193,desktop
INV02949,keyboard
INV09503,printer
INV06600,clocks
INV03531,clocks
INV02513,notebook
INV03003,headphone
INV00292,keyboard
INV04267,keyboard
INV07705,mouse
INV03365,headphone
INV07243,monitor
INV06938,headphone
INV01304,keyboard
INV00866,mouse
INV04441,mouse
INV08745,desktop
INV04985,smartphone
INV02293,smartphone
INV04075,smartphone
INV07444,mouse
INV04856,keyboard
INV00372,clocks
INV06534,mouse
INV00318,smartphone
INV04356,smatphone
INV06429,smartphone
INV07564,clocks
INV05559,mouse
INV09989,smartphone
INV06021,mouse
INV09823,printer
INV09682,notebook
INV01275,monitor
INV01524,mouse
INV09373,notebook
INV01886,keyboard
INV02503,smartphone
INV06368,mouse
INV01596,smartphone
INV09454,desktop
INV02938,clocks
INV06411,desktop
INV08092,smartphone
INV04351,smartphone
INV08137,headphone
INV09421,smartphone
INV06370,mouse
INV01488,notebook
INV00505,notebook
INV09532,keyboard
INV03076,mouse
INV00537,monitor
INV02758,keyboard
INV04014,monitor
INV04371,mouse
INV05645,desktop
INV02694,
INV01930,smartphone
INV04539,
INV05600,desktop
INV01481,monitor
INV03338,mouse
INV02675,smartphone
INV01709,headphone
INV07478,monitor
INV07573,smartphone
INV01313,smartphone
INV03246,desktop
INV09084,keyboard
INV06188,clocks
INV03638,clocks
INV00284,monitor
INV09493,mouse
INV09508,mouse
INV08293,smartphone
INV02940,smartphone
INV07057,clocks
INV06610,headphone
INV09423,clocks
INV02212,smartphone
INV06803,headphone
INV05489,mouse
INV00739,smartphone
INV00313,keyboard
INV04250,smartphone
INV00357,clocks
INV01074,desktop
INV04048,notebook
INV06693,mouse
INV06267,notebook
INV01307,keyboard
INV00234,printer
INV09905,headphone
INV09205,keyboard
INV04633,smartphone
INV01683,clocks
INV03036,keyboard
INV05088,smartphone
INV01318,notebook
INV07791,smartphone
INV05126,clocks
INV00236,smartphone
INV09673,keyboard
INV03827,desktop
INV08830,smartphone
INV08862,desktop
INV03885,monitor
INV00014,mouse
INV01140,desktop
INV07185,mouse
INV04925,clocks
INV01327,mouse
INV03052,desktop
INV01484,smartphone
INV00118,mouse
INV06429,clocks
INV04282,smartphone
INV04534,smartphone
INV08857,smartphone
INV04793,smartphone
INV09351,smartphone
INV03639,mouse
INV09003,mouse
INV01339,keyboard
INV03415,headphone
INV02238,headphone
INV05240,smartphone
INV00919,notebook
INV08587,monitor
INV07276,notebook
INV00187,desktop
INV02441,notebook
INV03830,mouse
INV09834,mouse
INV05591,notebook
INV02158,monitor
INV08563,monitor
INV07638,mouse
INV08793,notebook
INV00610,keyboard
INV09672,headphone
INV00882,tablet
INV02276,headphone
INV00430,headphone
INV09970,headphone
INV01560,smartphone
INV05527,keyboard
INV05032,desktop
INV06810,keyboard
INV05177,desktop
INV03650,keyboard
INV08215,headphone
INV06418,desktop
INV05803,desktop
INV02241,mouse
INV04890,smartphone
INV05016,smartphone
INV07918,smatphone
INV02515,smartphone
INV06169,desktop
INV06884,smartphone
INV05296,headphone
INV05655,notebook
INV08577,monitor
INV02565,monitor
INV05299,smartphone
INV09795,desktop
INV00365,smartphone
INV09773,monitor
INV02924,headphone
INV06604,mouse
INV07018,monitor
INV04579,headphone
INV02552,desktop
INV02055,smartphone
INV01688,keyboard
INV08340,mouse
INV04574,notebook
INV04986,smartphone
INV09417,keyboard
INV05636,mouse
INV04105,notebook
INV00859,headphone
INV03573,smartphone
INV02385,smartphone
INV02680,mouse
INV06838,keyboard
INV07714,tv
INV05329,keyboard
INV02726,mouse
INV04632,monitor
INV09970,clocks
INV08592,notebook
INV04454,clocks
INV05722,notebook
INV01776,desktop
INV02153,keyboard
INV04922,desktop
INV01124,keyboard
INV01556,headphone
INV05750,monitor
INV03759,notebook
INV05260,desktop
INV05024,monitor
INV07374,smartphone
INV03518,mouse
INV07076,smartphone
INV09580,desktop
INV02434,notebook
INV08960,notebook
INV09808,clocks
INV07532,smartphone
INV04399,headphone
INV03007,keyboard
INV08030,mouse
INV09781,clocks
INV02866,notebook
INV07174,monitor
INV00476,headphone
INV07800,mouse
INV02851,notebook
INV02209,mouse
INV08634,notebook
INV02107,keyboard
INV05890,desktop
INV08452,clocks
INV02125,keyboard
INV04857,headphone
INV04063,smartphone
INV05708,mouse
INV00837,mouse
INV07419,notebook
INV02724,mause
INV05633,headphone
INV09961,printer
INV00939,headphone
INV04909,monitor
INV05557,desktop
INV09530,desktop
INV03152,keyboard
INV04907,mouse
INV03447,clocks
INV01977,keyboard
INV08919,headphone
INV04279,smartphone
INV04919,headphone
INV05455,headphone
INV03251,keyboard
INV01364,keyboard
INV06208,clocks
INV00057,notebook
INV01065,mouse
INV06844,smartphone
INV03072,notebook
INV07633,clocks
INV02145,tv
INV05212,keyboard
INV04396,mouse
INV00305,monitor
INV03644,smartphone
INV03004,notebook
INV09749,clocks
INV02649,mouse
INV00450,smartphone
INV03807,mouse
INV08337,
INV01234,desktop
INV06760,mouse
INV00382,clocks
INV01969,mouse
INV05160,smartphone
INV07436,printer
INV04102,monitor
INV01915,keyboard
INV05518,smartphone
INV03085,keyboard
INV09169,mouse
INV03731,clocks
INV02469,smartphone
INV04684,desktop
INV05548,monitor
INV02329,monitor
INV01618,monitor
INV03873,desktop
INV04240,mouse
INV07871,mouse
INV02965,headphone
INV03340,desktop
INV05025,notebook
INV02873,desktop
INV03423,smartphone
INV00638,smartphone
INV09964,desktop
INV07930,smartphone
INV01280,headphone
INV09448,desktop
INV00380,smartphone
INV05472,notebook
INV02214,clocks
INV09897,keyboard
INV07427,printer
INV03756,keyboard
INV05004,mouse
INV01152,desktop
INV07967,notebook
INV06093,keyboard
INV04010,headphone
INV05270,smartphone
INV00876,notebook
INV03547,headphone
INV01615,keyboard
INV01790,mouse
INV00195,mouse
INV00905,mouse
INV06786,monitor
INV08032,headphone
INV02376,headphone
INV07104,smartphone
INV01274,mouse
INV09953,notebook
INV02388,monitor
INV08053,smartphone
INV01817,headphone
INV09987,keyboard
INV04921,headphone
INV04498,mouse
INV01086,smartphone
INV08424,smartphone
INV05167,headphone
INV06529,mouse
INV01057,keyboard
INV02747,mouse
INV04028,headphone
INV05836,mouse
INV08658,headphone
INV07440,keyboard
INV01618,keyboard
INV09220,headphone
INV04512,notebook
INV08481,headphone
INV04117,desktop
INV09510,monitor
INV01615,monitor
INV01243,notebook
INV03893,notebook
INV06409,desktop
INV01926,notebook
INV06244,headphone
INV05490,mouse
INV05428,mouse
INV09529,mouse
INV01218,smartphone
INV01164,notebook
INV00684,keyboard
INV07515,headphone
INV00723,smartphone
INV06373,mouse
INV07145,notebook
INV09843,notebook
INV02289,headphone
INV06985,notebook
INV06247,mouse
INV04478,clocks
INV03658,headphone
INV01031,mouse
INV03581,mouse
INV03494,notebook
INV03350,smartphone
INV00621,monitor
INV06729,mouse
INV06748,mouse
INV05596,headphone
INV05935,smartphone
INV08084,headphone
INV02834,notebook
INV01462,keyboard
INV00545,monitor
INV08961,desktop
INV08425,notebook
INV08450,mouse
INV04759,smartphone
INV01484,headphone
INV06367,smartphone
INV03021,monitor
INV02084,notebook
INV05493,notebook
INV04145,mouse
INV06144,smartphone
INV00995,smartphone
INV00862,desktop
INV06084,smartphone
INV08769,clocks
INV00937,smartphone
INV08503,keyboard
INV03454,desktop
INV07207,smartphone
INV08738,clocks
INV03059,keyboard
INV03572,smartphone
INV00384,monitor
INV05313,note_book
INV02715,desktop
INV06373,notebook
INV07101,headphone
INV01264,keyboard
INV02757,desktop
INV08699,notebook
INV06812,notebook
INV01520,mouse
INV00160,keyboard
INV08777,notebook
INV06646,mouse
INV07153,monitor
INV02853,
INV07238,smartphone
INV05308,smartphone
INV07124,notebook
INV05079,keyboard
INV04183,mouse
INV09959,keyboard
INV06168,notebook
INV01034,smartphone
INV09921,smartphone
INV01546,smartphone
INV02311,keyboard
INV00590,mouse
INV04988,notebook
INV00827,monitor
INV02329,desktop
INV00151,keyboard
INV00202,keyboard
INV07711,clocks
INV09968,monitor
INV09495,clocks
INV07571,headphone
INV07313,printer
INV06743,mouse
INV03369,keyboard
INV03471,desktop
INV09038,keyboard
INV09248,mouse
INV09276,keyboard
INV01245,desktop
INV02977,smartphone
INV04671,headphone
INV07206,monitor
INV01763,keyboard
INV01757,smartphone
INV02167,keyboard
INV08648,mouse
INV04324,desktop
INV01198,notebook
INV02895,desktop
INV02814,keyboard
INV06709,smartphone
INV01225,mouse
INV00713,monitor
INV00444,headphone
INV05937,keyboard
INV06643,mouse
INV00862,monitor
INV08453,notebook
INV03750,headphone
INV08914,notebook
INV06350,smartphone
INV02497,monitor
INV09552,monitor
INV07045,mouse
INV03330,headphone
INV00447,headphone
INV03236,monitor
INV02447,clocks
INV02013,mouse
INV01831,mouse
INV00408,smartphone
INV01650,
INV03725,mouse
INV07702,headphone
INV09868,headphone
INV03063,keyboard
INV09390,keyboard
INV06932,printer
INV05163,monitor
INV01936,monitor
INV06425,desktop
INV04011,keyboard
INV03860,mouse
INV09737,
INV07807,notebook
INV06692,mouse
INV08549,desktop
INV07230,clocks
INV09161,keyboard
INV01668,desktop
INV07952,mouse
INV08853,smartphone
INV00761,desktop
INV02309,mouse
INV09483,keyboard
INV03452,smartphone
INV00142,notebook
INV05592,clocks
INV02854,notebook
INV00192,mouse
INV02362,smartphone
INV01115,smartphone
INV09906,keyboard
INV03766,headphone
INV01041,headphone
INV03937,monitor
INV00885,monitor
INV00147,mouse
INV08915,desktop
INV06637,
INV01214,headphone
INV00706,headphone
INV02548,keyboard
INV04406,smatphone
INV09936,desktop
INV06755,keyboard
INV08120,notebook
INV06467,desktop
INV08932,mouse
INV03928,
INV09887,keyboard
INV08142,headphone
INV09400,notebook
INV07663,monitor
INV02275,monitor
INV00825,smartphone
INV04778,smartphone
INV03436,keyboard
INV09490,headphone
INV03269,mause
INV07256,notebook
INV04045,tv
INV01815,desktop
INV01394,mouse
INV03231,mouse
INV09650,smartphone
INV03710,clocks
INV02025,desktop
INV07305,headphone
INV02218,mouse
INV08373,keyboard
INV01258,desktop
INV03101,mouse
INV09259,mouse
INV02017,clocks
INV00781,headphone
INV00673,desktop
INV09081,notebook
INV08987,notebook
INV02811,notebook
INV06696,monitor
INV05543,notebook
INV01853,headphone
INV03268,desktop
INV07848,keyboard
INV07503,headphone
INV02560,mouse
INV02925,monitor
INV05523,keyboard
INV00590,keyboard
INV06335,smartphone
INV01109,clocks
INV04671,clocks
INV01620,tv
INV04524,headphone
INV03348,headphone
INV06407,headphone
INV05063,keyboard
INV07111,mouse
INV08034,smartphone
INV07643,clocks
INV08127,headphone
INV07693,notebook
INV07927,clocks
INV04927,smartphone
INV02809,monitor
INV05100,clocks
INV05302,headphone
INV05542,clocks
INV05319,desktop
INV05431,headphone
INV05961,monitor
INV00437,keyboard
INV03296,notebook
INV09835,notebook
INV09242,keyboard
INV09374,notebook
INV00256,desktop
INV00167,keyboard
INV06253,keyboard
INV03475,notebook
INV07828,smatphone
INV07544,smartphone
INV00164,smartphone
INV06783,notebook
INV03147,smartphone
INV03667,notebook
INV01060,clocks
INV02665,monitor
INV04269,smartphone
INV01018,monitor
INV00947,mouse
INV08914,notebook
INV09424,notebook
INV09456,mouse
INV01199,notebook
INV00238,headphone
INV04042,headphone
INV02441,mouse
INV01285,headphone
INV01260,mouse
INV02762,desktop
INV09082,mouse
INV08887,mouse
INV01055,smartphone
INV09120,headphone
INV07405,smartphone
INV01209,mouse
INV08563,keyboard
INV00407,clocks
INV09719,headphone
INV03000,keyboard
INV00580,smartphone
INV09627,keyboard
INV06102,keyboard
INV09665,keyboard
INV02657,keyboard
INV07517,keyboard
INV04780,headphone
INV00764,tv
INV01404,notebook
INV05601,monitor
INV07244,smartphone
INV05884,monitor
INV04419,mouse
INV03158,smartphone
INV04324,mouse
INV05289,tv
INV09803,notebook
INV02304,headphone
INV09497,monitor
INV09158,mouse
INV01019,mouse
INV07567,smartphone
INV04329,clocks
INV08226,headphone
INV04374,monitor
INV06256,mouse
INV05707,keyboard
INV01434,headphone
INV08109,
INV05117,smartphone
INV07091,desktop
INV08350,clocks
INV07852,clocks
INV06480,monitor
INV04529,headphone
INV05636,notebook
INV05174,mouse
INV00577,clocks
INV05943,mouse
INV02487,mouse
INV05828,notebook
INV00619,desktop
INV06721,monitor
INV06338,keyboard
INV02366,notebook
INV00668,note_book
INV01107,keyboard
INV01444,keyboard
INV01946,smartphone
INV05251,headphone
INV03154,mouse
INV09522,smartphone
INV04272,notebook
INV07691,smartphone
INV06773,tv
INV02712,smatphone
INV03311,keyboard
INV04429,clocks
INV08422,smartphone
INV08006,smartphone
INV08975,clocks
INV05859,mouse
INV01208,keyboard
INV01644,mouse
INV08052,smartphone
INV07119,desktop
INV09975,desktop
INV01877,smartphone
INV06358,mouse
INV07797,headphone
INV02960,mouse
INV06774,smartphone
INV03016,smartphone
INV04422,keyboard
INV04154,tablet
INV05874,mouse
INV00359,keyboard
INV02348,mouse
INV03384,mouse
INV06371,keyboard
INV02305,tv
INV03636,mouse
INV09144,smartphone
INV06605,desktop
INV02780,notebook
INV07902,notebook
INV01130,smartphone
INV02866,keyboard
INV03000,keyboard
INV08927,mouse
INV05647,printer
INV00012,keyboard
INV00108,keyboard
INV05298,clocks
INV00540,desktop
INV00303,keyboard
INV00865,notebook
INV07671,monitor
INV08098,desktop
INV04606,tv
INV00685,notebook
INV05101,smartphone
INV07279,clocks
INV02282,monitor
INV00911,smartphone
INV09509,headphone
INV01359,keyboard
INV04553,tv
INV09423,smartphone
INV00088,mouse
INV01178,clocks
INV09833,mouse
INV04434,headphone
INV08517,smartphone
INV03034,mouse
INV08311,mouse
INV03131,keyboard
INV07122,monitor
INV03284,headphone
INV02370,headphone
INV07184,smartphone
INV00972,monitor
INV04079,monitor
INV03278,keyboard
INV08337,headphone
INV00807,headphone
INV08508,headphone
INV02220,mouse
INV07010,keyboard
INV03534,smartphone
INV03482,keyboard
INV04538,smartphone
INV00444,clocks
INV09952,tablet
INV09916,notebook
INV00289,monitor
INV04594,mouse
INV06981,smartphone
INV08432,headphone
INV06976,tv
INV01892,headphone
INV09481,notebook
INV03214,headphone
INV00917,key_board
INV08035,mouse
INV07530,monitor
INV01729,notebook
INV05046,mouse
INV00079,notebook
INV08524,desktop
INV06496,keyboard
INV04238,keyboard
INV05152,tablet
INV02026,clocks
INV04636,smartphone
INV03199,desktop
INV03751,printer
INV03861,mouse
INV07795,notebook
INV00545,desktop
INV01276,keyboard
INV03544,smartphone
INV06194,notebook
INV02649,keyboard
INV04181,headphone
INV08442,smartphone
INV06255,mouse
INV00286,smartphone
INV01114,mouse
INV09361,monitor
INV07924,smatphone
INV05190,desktop
INV08322,smartphone
INV05366,
INV03584,smartphone
INV01800,clocks
INV02274,headphone
INV08587,mouse
INV09005,tablet
INV05154,smartphone
INV01216,desktop
INV08939,smartphone
INV04382,headphone
INV05536,monitor
INV09780,mouse
INV04375,mouse
INV07025,smartphone
INV00409,mouse
INV05096,monitor
INV06654,mouse
INV09611,monitor
INV08982,mouse
INV01020,smartphone
INV05748,notebook
INV07852,headphone
INV06396,keyboard
INV04522,smartphone
INV07870,keyboard
INV00814,desktop
INV05666,mouse
INV03144,smartphone
INV08313,headphone
INV00218,smartphone
INV09266,keyboard
INV05944,notebook
INV07457,tv
INV05161,smartphone
INV03083,notebook
INV02718,smartphone
INV03478,
INV05069,headphone
INV05891,headphone
INV03444,keyboard
INV01827,notebook
INV05037,notebook
INV09026,smartphone
INV09400,mouse
INV03712,mouse
INV06769,printer
INV02046,smartphone
INV00296,clocks
INV08879,mouse
INV03315,monitor
INV02656,mouse
INV07358,keyboard
INV00782,notebook
INV07202,clocks
INV00920,notebook
INV09177,keyboard
INV03678,notebook
INV09586,keyboard
INV06482,printer
INV05442,headphone
INV05618,notebook
INV03165,monitor
INV00086,notebook
INV09266,notebook
INV06435,desktop
INV09368,mouse
INV09973,mouse
INV06621,keyboard
INV08486,clocks
INV05861,smartphone
INV01579,smartphone
INV09011,clocks
INV00174,mouse
INV03094,headphone
INV01814,smartphone
INV08054,key_board
INV02731,headphone
INV01237,smartphone
INV01280,clocks
INV01404,keyboard
INV09451,smartphone
INV08063,monitor
INV09529,desktop
INV08571,headphone
INV07683,mouse
INV01302,notebook
INV02523,mouse
INV04641,notebook
INV03170,keyboard
INV02171,tablet
INV04314,desktop
INV01735,monitor
INV09462,mouse
INV01297,mouse
INV08778,desktop
INV09094,keyboard
INV05030,desktop
INV09975,monitor
INV09130,notebook
INV00347,desktop
INV05590,mouse
INV00682,notebook
INV09407,notebook
INV02602,headphone
INV00424,mouse
INV08623,mouse
INV09101,clocks
INV09080,notebook
INV07361,keyboard
INV07396,mouse
INV00021,headphone
INV00452,keyboard
INV06256,keyboard
INV05629,mouse
INV02048,notebook
INV09960,mouse
INV05955,smartphone
INV05214,smartphone
INV06562,keyboard
INV01303,clocks
INV03845,smartphone
INV00157,smatphone
INV07880,notebook
INV00267,smartphone
INV00811,smartphone
INV04800,clocks
INV08604,notebook
INV05308,clocks
INV08620,keyboard
INV02044,smartphone
INV02488,smartphone
INV00356,headphone
INV08388,desktop
INV04463,headphone
INV09776,headphone
INV00746,notebook
INV04471,notebook
INV06444,notebook
INV04376,smartphone
INV02322,monitor
INV00327,headphone
INV05679,keyboard
INV02123,keyboard
INV09433,headphone
INV04245,mouse
INV09994,keyboard
INV09167,keyboard
INV00982,notebook
INV08343,tv
INV06802,headphone
INV06833,mouse
INV02884,clocks
INV00738,monitor
INV04548,headphone
INV01602,notebook
INV05301,monitor
INV06099,keyboard
INV09549,notebook
INV07139,keyboard
INV01978,desktop
INV05402,keyboard
INV08108,mouse
INV02915,monitor
INV08443,notebook
INV04038,smartphone
INV02865,smartphone
INV08219,smartphone
INV04650,mouse
INV08933,smartphone
INV00789,keyboard
INV08259,notebook
INV01194,keyboard
INV02710,headphone
INV06107,headphone
INV07890,mouse
INV07919,printer
INV04505,mouse
INV00496,headphone
INV08144,headphone
INV04169,mouse
INV03314,headphone
INV06658,smartphone
INV07933,headphone
INV04322,monitor
INV07266,mouse
INV05384,mouse
INV09294,smartphone
INV08447,keyboard
INV09609,mouse
INV05209,smartphone
INV08944,notebook
INV03691,headphone
INV01373,headphone
INV02493,mouse
INV05940,headphone
INV01211,monitor
INV09853,notebook
INV09064,keyboard
INV01046,desktop
INV02702,smartphone
INV07461,clocks
INV08309,desktop
INV07968,keyboard
INV06460,mouse
INV02099,notebook
INV09917,mouse
INV03851,clocks
INV05643,headphone
INV05288,desktop
INV06413,notebook
INV06982,mouse
INV03998,keyboard
INV00042,monitor
INV03890,clocks
INV08105,smartphone
INV05163,keyboard
INV04485,clocks
INV01097,smartphone
INV01860,mouse
INV06116,smartphone
INV03006,notebook
INV03472,headphone
INV09113,smartphone
INV09466,notebook
INV06655,smartphone
INV08745,monitor
INV07104,clocks
INV05114,keyboard
INV00619,mouse
INV07140,desktop
INV07519,clocks
INV01592,monitor
INV08772,desktop
INV07291,desktop
INV05991,monitor
INV00083,notebook
INV07045,monitor
INV01049,mouse
INV04836,headphone
INV06141,clocks
INV06384,notebook
INV07048,clocks
INV07010,mouse
INV01074,mouse
INV05602,keyboard
INV07545,desktop
INV00196,mouse
INV09347,smartphone
INV03504,mouse
INV02965,clocks
INV09971,keyboard
INV03983,desktop
INV06866,tablet
INV02177,mouse
INV07306,clocks
INV08831,desktop
INV03070,tv
INV00147,keyboard
INV08198,clocks
INV05651,keyboard
INV08466,notebook
INV06520,smartphone
INV00386,mouse
INV05920,smartphone
INV05937,mause
INV09609,keyboard
INV00352,keyboard
INV07823,headphone
INV06526,smartphone
INV07859,keyboard
INV02388,mouse
INV05010,monitor
INV00349,smartphone
INV03044,notebook
INV00386,keyboard
INV00980,notebook
INV09360,smartphone
INV07262,clocks
INV07564,headphone
INV02545,notebook
INV06470,clocks
INV01825,mouse
INV03101,notebook
INV00808,monitor
INV06192,headphone
INV08974,
INV01102,monitor
INV01411,headphone
INV08815,clocks
INV06398,monitor
INV07247,notebook
INV07027,keyboard
INV01905,mouse
INV02327,note_book
INV06590,mouse
INV05509,keyboard
INV09062,mouse
INV09168,clocks
INV00501,keyboard
INV04161,clocks
INV05102,notebook
INV02502,notebook
INV04709,clocks
INV09432,desktop
INV06014,monitor
INV07985,mouse
INV02436,mouse
INV04027,notebook
INV08327,notebook
INV03833,headphone
INV01660,mouse
INV02686,headphone
INV08428,notebook
INV08832,smartphone
INV02459,notebook
INV00715,keyboard
INV01652,keyboard
INV02648,desktop
INV03517,monitor
INV00156,headphone
INV09930,smartphone
INV06001,monitor
INV04291,notebook
INV06005,smartphone
INV06401,monitor
INV00471,tablet
INV07611,tv
INV02568,smartphone
INV03676,headphone
INV09888,notebook
INV09133,desktop
INV06462,monitor
INV05359,keyboard
INV01806,headphone
INV07593,smartphone
INV09213,keyboard
INV03297,keyboard
INV02295,monitor
INV02426,notebook
INV09029,tablet
INV06392,smartphone
INV07215,mouse
INV05094,notebook
INV07760,smartphone
INV06448,smartphone
INV02684,notebook
INV03969,smartphone
INV07178,keyboard
INV01149,clocks
INV05293,keyboard
INV03625,mouse
INV03698,smartphone
INV07255,smartphone
INV00525,keyboard
INV00875,desktop
INV08737,desktop
INV03995,keyboard
INV00841,mouse
INV05164,mouse
INV04815,mouse
INV02325,clocks
INV07209,smartphone
INV00857,mouse
INV03841,monitor
INV06865,keyboard
INV05989,smartphone
INV06524,keyboard
INV08723,desktop
INV03530,keyboard
INV08277,monitor
INV05394,clocks
INV09897,notebook
INV00360,keyboard
INV04127,monitor
INV06025,smartphone
INV06544,monitor
INV05733,notebook
INV01363,smartphone
INV05832,desktop
INV01707,mouse
INV04227,desktop
INV04303,smartphone
INV01817,smartphone
INV04824,notebook
INV01220,keyboard
INV02909,mouse
INV02202,monitor
INV04624,tv
INV05577,notebook
INV07253,smartphone
INV03031,notebook
INV00918,mouse
INV01339,notebook
INV06396,desktop
INV08601,smartphone
INV09218,mouse
INV00465,mouse
INV02490,keyboard
INV00936,mouse
INV05093,monitor
INV08602,smartphone
INV07960,clocks
INV03133,mouse
INV09079,mouse
INV00291,tablet
INV00138,clocks
INV02624,desktop
INV09845,smartphone
INV03330,clocks
INV09484,keyboard
INV06219,desktop
INV09683,monitor
INV06347,keyboard
INV08662,smartphone
INV05945,keyboard
INV07621,mouse
INV09694,mouse
INV00695,mouse
INV03354,clocks
INV04898,clocks
INV02123,desktop
INV05879,smartphone
INV02194,printer
INV04382,smartphone
INV02143,monitor
INV08139,keyboard
INV07190,notebook
INV00586,smartphone
INV07191,monitor
INV01448,smartphone
INV09888,keyboard
INV03872,headphone
INV08480,notebook
INV03434,monitor
INV02832,desktop
INV05057,headphone
INV06904,smartphone
INV03981,smartphone
INV09359,tablet
INV08321,monitor
INV07782,
INV09017,smartphone
INV09851,smartphone
INV03833,smartphone
INV03689,clocks
INV04155,monitor
INV04706,mouse
INV07479,headphone
INV05441,notebook
INV05193,mouse
INV01894,desktop
INV03744,monitor
INV01591,notebook
INV06669,mouse
INV05758,mouse
INV04476,keyboard
INV07637,tv
INV04314,keyboard
INV01019,notebook
INV03241,desktop
INV00631,clocks
INV03561,mouse
INV02608,headphone
INV03483,desktop
INV02179,mouse
INV06143,clocks
INV08732,monitor
INV03460,monitor
INV02180,printer
INV07054,monitor
INV06158,keyboard
INV08116,clocks
INV06867,mouse
INV01281,tablet
INV08974,clocks
INV02253,clocks
INV02021,keyboard
INV01309,keyboard
INV00352,monitor
INV07501,headphone
INV05539,monitor
INV09991,monitor
INV08950,keyboard
INV06109,keyboard
INV09616,tv
INV03255,headphone
INV04586,smartphone
INV01235,smartphone
INV01300,keyboard
INV01166,clocks
INV07340,keyboard
INV05729,smartphone
INV09303,clocks
INV04989,notebook
INV07093,monitor
INV01923,headphone
INV06232,headphone
INV06006,headphone
INV00006,mouse
INV02767,notebook
INV02156,notebook
INV00394,notebook
INV09074,keyboard
INV08953,keyboard
INV06353,smartphone
INV06348,desktop
INV00971,notebook
INV02257,keyboard
INV06020,headphone
INV05090,smartphone
INV08680,mouse
INV00233,smartphone
INV02070,mouse
INV03926,smartphone
INV06052,mouse
INV02899,mouse
INV07651,mouse
INV09080,mouse
INV03918,notebook
INV09916,keyboard
INV07549,clocks
INV07151,smartphone
INV02331,desktop
INV05172,keyboard
INV03049,headphone
INV04334,keyboard
INV00833,printer
INV06243,headphone
INV00486,mouse
INV08548,headphone
INV00516,mouse
INV07058,clocks
INV09754,keyboard
INV04547,mouse
INV08682,monitor
INV04880,smartphone
INV07076,clocks
INV04407,tv
INV06023,clocks
INV07149,headphone
INV06329,smartphone
INV09606,mouse
INV04171,desktop
INV03440,headphone
INV05486,mouse
INV03000,monitor
INV05572,clocks
INV09076,keyboard
INV06565,notebook
INV07128,clocks
INV04489,desktop
INV05053,headphone
INV05213,monitor
INV02576,smartphone
INV01363,headphone
INV06100,smartphone
INV09690,notebook
INV04861,smartphone
INV01064,headphone
INV05898,headphone
INV08580,smartphone
INV02351,keyboard
INV09859,notebook
INV02638,mouse
INV00038,headphone
INV05255,notebook
INV06107,smartphone
INV06551,desktop
INV08552,smartphone
INV00504,monitor
INV05948,smartphone
INV06441,mouse
INV05514,monitor
INV08031,tablet
INV06147,keyboard
INV09035,keyboard
INV08222,headphone
INV01665,headphone
INV04471,monitor
INV04762,notebook
INV03997,mouse
INV02736,printer
INV00518,notebook
INV04886,smartphone
INV02470,headphone
INV05453,tv
INV03107,mouse
INV01100,notebook
INV03205,keyboard
INV08874,smartphone
INV07507,monitor
INV02832,keyboard
INV00183,smartphone
INV03301,keyboard
INV07595,desktop
INV04705,notebook
INV05932,mouse
INV07910,mouse
INV07668,smartphone
INV07219,headphone
INV09107,monitor
INV01311,headphone
INV07845,notebook
INV01278,clocks
INV05640,smartphone
INV04711,mouse
INV05004,keyboard
INV04234,
INV04143,smartphone
INV02864,keyboard
INV05950,clocks
INV06880,mouse
INV04450,headphone
INV09772,mouse
INV02080,notebook
INV06665,monitor
INV03797,notebook
INV07602,desktop
INV09380,mouse
INV01257,mouse
INV03548,notebook
INV07231,smartphone
INV02219,smatphone
INV01492,clocks
INV08448,smartphone
INV07668,headphone
INV03567,headphone
INV04627,
INV02108,smartphone
INV05335,headphone
INV02856,mouse
INV09186,keyboard
INV02390,smartphone
INV09690,notebook
INV01045,notebook
INV03787,mouse
INV02188,smartphone
INV00832,notebook
INV02659,clocks
INV03578,monitor
INV07409,smartphone
INV08131,notebook
INV06822,smartphone
INV00920,mouse
INV06995,smartphone
INV02283,monitor
INV08968,monitor
INV07062,mouse
INV08880,clocks
INV07289,desktop
INV02008,monitor
INV02790,notebook
INV05868,keyboard
INV09124,mouse
INV00875,keyboard
INV04262,clocks
INV00418,headphone
INV06552,notebook
INV00019,headphone
INV02149,keyboard
INV01722,headphone
INV04513,clocks
INV01346,smartphone
INV08963,smartphone
INV00918,keyboard
INV01755,notebook
INV06503,printer
INV04516,mouse
INV09186,desktop
INV00056,headphone
INV07421,desktop
INV00593,headphone
INV03102,keyboard
INV09546,monitor
INV00783,headphone
INV08716,smartphone
INV09010,smartphone
INV09864,notebook
INV06726,desktop
INV06219,monitor
INV01673,headphone
INV02379,keyboard
INV02609,note_book
INV01266,headphone
INV09145,headphone
INV00476,smartphone
INV05923,desktop
INV01396,keyboard
INV03166,headphone
INV04554,smartphone
INV02234,clocks
INV00508,smartphone
INV03517,mouse
INV09448,mouse
INV03611,notebook
INV07000,headphone
INV04508,keyboard
INV05096,mouse
INV04378,notebook
INV02425,clocks
INV03807,notebook
INV02446,notebook
INV06048,monitor
INV09170,clocks
INV06790,smartphone
INV05417,notebook
INV06608,headphone
INV04081,keyboard
INV02841,headphone
INV03629,clocks
INV08682,keyboard
INV01915,mouse
INV04917,mause
INV07827,mouse
INV03813,headphone
INV06483,desktop
INV03706,desktop
INV07432,mouse
INV03510,tv
INV05538,smartphone
INV08900,monitor
INV09883,smartphone
INV04588,notebook
INV08348,smartphone
INV04334,mouse
INV05573,headphone
INV00745,smartphone
INV05149,smartphone
INV03024,mouse
INV01978,mouse
INV05099,mouse
INV09191,mouse
INV06713,smartphone
INV01564,printer
INV07486,desktop
INV07356,smartphone
INV01634,headphone
INV05024,mouse
INV05339,monitor
INV08773,smartphone
INV07512,mouse
INV00508,clocks
INV04066,monitor
INV00261,notebook
INV04550,notebook
INV01196,desktop
INV05254,keyboard
INV03217,tv
INV07244,clocks
INV00010,smartphone
INV03434,mouse
INV07592,clocks
INV02350,notebook
INV00789,monitor
INV05287,keyboard
INV02727,clocks
INV03649,headphone
INV07732,monitor
INV04343,monitor
INV02195,tablet
INV07688,smartphone
INV08991,mouse
INV03479,notebook
INV03490,notebook
INV08074,mouse
INV00358,monitor
INV09796,tv
INV03289,keyboard
INV00034,headphone
INV06454,desktop
INV06683,smartphone
INV05146,keyboard
INV06809,notebook
INV06837,monitor
INV05752,desktop
INV00273,smartphone
INV06255,monitor
INV02924,smartphone
INV07136,desktop
INV03667,mouse
INV04609,
INV03243,mouse
INV05554,desktop
INV04289,headphone
INV01120,desktop
INV00532,mouse
INV01305,headphone
INV02618,headphone
INV02881,clocks
INV05582,headphone
INV02295,desktop
INV01445,printer
INV08046,mouse
INV09300,mouse
INV08887,keyboard
INV00893,notebook
INV07477,monitor
INV05336,key_board
INV07583,smartphone
INV05549,clocks
INV07361,mouse
INV08298,keyboard
INV09196,monitor
INV07421,monitor
INV07854,smartphone
INV00545,monitor
INV07925,mouse
INV08160,notebook
INV03384,notebook
INV06109,desktop
INV05894,smartphone
INV04878,desktop
INV06201,desktop
INV09876,
INV08776,clocks
INV05792,monitor
INV07727,mouse
INV04055,smartphone
INV05753,tv
INV02092,printer
INV06877,desktop
INV02731,smartphone
INV03198,monitor
INV00168,desktop
INV02322,clocks
INV09152,smartphone
INV02777,printer
INV00615,desktop
INV06461,smartphone
INV06551,monitor
INV07762,monitor
INV07361,notebook
INV08446,mouse
INV05659,clocks
INV03186,notebook
INV07122,mouse
INV03331,mouse
INV01770,notebook
INV09800,smartphone
INV00931,monitor
INV00769,smartphone
INV07095,keyboard
INV08050,desktop
INV09485,tv
INV00330,smartphone
INV02375,mouse
INV02849,headphone
INV04752,smartphone
INV00572,notebook
INV04825,smartphone
INV01640,desktop
INV01129,notebook
INV06138,desktop
INV04617,mouse
INV04629,mouse
INV05629,desktop
INV04025,headphone
INV00582,desktop
INV02138,tv
INV00116,smartphone
INV06304,smartphone
INV00562,smartphone
INV07032,
INV04385,headphone
INV02012,headphone
INV08999,smartphone
INV05457,printer
INV01667,monitor
INV04911,clocks
INV00738,keyboard
INV04139,mouse
INV07498,tv
INV07430,clocks
INV01475,headphone
INV06793,keyboard
INV02295,keyboard
INV04938,headphone
INV09059,smartphone
INV07702,clocks
INV04821,clocks
INV05977,headphone
INV09255,smartphone
INV08753,keyboard
INV08618,smartphone
INV00481,monitor
INV01957,desktop
INV02724,monitor
INV06555,headphone
INV01874,keyboard
INV07342,desktop
INV03039,smartphone
INV00749,notebook
INV08848,smartphone
INV05061,notebook
INV00547,monitor
INV00820,mouse
INV08450,keyboard
INV01430,clocks
INV08438,monitor
INV06929,mouse
INV00117,monitor
INV01343,keyboard
INV09118,monitor
INV04846,smartphone
INV04723,clocks
INV04624,notebook
INV03885,keyboard
INV04251,mouse
INV05737,smartphone
INV06670,smartphone
INV01317,mouse
INV01351,printer
INV00695,keyboard
INV01493,clocks
INV08430,monitor
INV06349,notebook
INV08085,clocks
INV09968,keyboard
INV02865,headphone
INV03993,smartphone
INV05297,headphone
INV04934,monitor
INV09982,headphone
INV07327,mouse
INV06304,clocks
INV00079,keyboard
INV08294,notebook
INV03691,smartphone
INV06681,mouse
INV05493,mouse
INV03129,smartphone
INV04084,keyboard
INV03860,desktop
INV09850,smartphone
INV07086,keyboard
INV00145,mouse
INV02987,mouse
INV09004,mouse
INV09475,notebook
INV00614,smartphone
INV09906,monitor
INV09663,desktop
INV01513,smartphone
INV01145,clocks
INV00905,notebook
INV06030,desktop
INV03996,smartphone
INV08620,
INV09731,clocks
INV08220,mouse
INV02065,clocks
INV01905,notebook
INV06312,notebook
INV07688,headphone
INV06275,clocks
INV03735,smatphone
INV09335,keyboard
INV00319,notebook
INV01793,headphone
INV04928,clocks
INV01705,clocks
INV04735,smartphone
INV04476,desktop
INV05642,desktop
INV05965,keyboard
INV06748,notebook
INV06729,keyboard
INV04257,monitor
INV07536,
INV04776,
INV08285,smartphone
INV07280,notebook
INV02982,smartphone
INV07780,mouse
INV06627,notebook
INV01214,smartphone
INV08581,desktop
INV04955,monitor
INV09523,smartphone
INV04395,mouse
INV03301,desktop
INV03993,clocks
INV00170,smartphone
INV01914,clocks
INV01978,keyboard
INV07509,clocks
INV03695,clocks
INV07675,mouse
INV09029,smartphone
INV03500,headphone
INV00972,keyboard
INV04997,smartphone
INV02270,headphone
INV08301,monitor
INV01179,
INV01105,monitor
INV06216,mouse
INV01662,mouse
INV04440,notebook
INV04709,smartphone
INV09204,clocks
INV02794,mouse
INV03107,notebook
INV00955,tv
INV08114,desktop
INV04889,desktop
INV07054,desktop
INV01219,smartphone
INV01396,notebook
INV05508,smartphone
INV02170,printer
INV04121,keyboard
INV00954,notebook
INV00936,notebook
INV06523,headphone
INV05095,keyboard
INV08101,desktop
INV07518,keyboard
INV02733,keyboard
INV08777,keyboard
INV01051,notebook
INV03366,desktop
INV02994,mouse
INV01340,keyboard
INV03248,mouse
INV07864,desktop
INV09404,headphone
INV00406,keyboard
INV09354,smartphone
INV04338,smartphone
INV02540,notebook
INV00556,keyboard
INV05751,keyboard
INV03429,keyboard
INV02796,desktop
INV09256,notebook
INV08380,notebook
INV03397,smartphone
INV04800,headphone
INV09368,keyboard
INV02019,monitor
INV03846,mouse
INV00400,headphone
INV09043,headphone
INV07936,clocks
INV08242,mouse
INV04910,desktop
INV02116,clocks
INV06506,smartphone
INV08923,clocks
INV05887,headphone
INV04824,keyboard
INV02722,smartphone
INV08923,smartphone
INV02808,keyboard
INV09203,monitor
INV00361,notebook
INV00544,notebook
INV02323,desktop
INV09091,smartphone
INV05415,notebook
INV00295,smartphone
INV05370,keyboard
INV04563,keyboard
INV00560,notebook
INV09382,smartphone
INV02499,clocks
INV05117,headphone
INV02353,keyboard
INV04075,clocks
INV09076,notebook
INV01441,smartphone
INV07407,keyboard
INV04009,clocks
INV09886,headphone
INV05719,mouse
INV09667,headphone
INV07662,clocks
INV08175,keyboard
INV06372,keyboard
INV03183,headphone
INV01781,clocks
INV07014,clocks
INV00080,notebook
INV05643,smartphone
INV08822,headphone
INV02232,keyboard
INV04675,printer
INV06916,headphone
INV06462,mouse
INV05789,keyboard
INV05510,keyboard
INV01313,clocks
INV09007,clocks
INV05761,printer
INV09653,desktop
INV00071,smartphone
INV02123,mouse
INV01851,notebook
INV06497,smartphone
INV05449,smatphone
INV01012,mouse
INV05198,mouse
INV08668,tv
INV08309,mouse
INV08255,desktop
INV07251,notebook
INV04587,mouse
INV06907,keyboard
INV05212,
INV03266,tablet
INV03034,keyboard
INV02513,keyboard
INV06076,notebook
INV03104,tv
INV04460,desktop
INV07631,smartphone
INV09070,smartphone
INV00097,notebook
INV01971,headphone
INV09132,keyboard
INV06747,smartphone
INV04183,notebook
INV02291,smartphone
INV07377,desktop
INV06069,keyboard
INV02433,smartphone
INV04197,mouse
INV01309,notebook
INV03647,keyboard
INV04566,monitor
INV08334,clocks
INV08401,clocks
INV00946,headphone
INV06056,notebook
INV02583,monitor
INV02885,mouse
INV07963,smatphone
INV04608,notebook
INV08236,notebook
INV02173,smartphone
INV00268,smartphone
INV00008,keyboard
INV08186,mouse
INV08352,smartphone
INV01582,keyboard
INV05145,tablet
INV00223,monitor
INV07402,smartphone
INV08358,headphone
INV01373,smartphone
INV03021,desktop
INV07070,smartphone
INV00244,keyboard
INV00380,clocks
INV06318,notebook
INV02439,monitor
INV01092,smartphone
INV00983,clocks
INV08362,tv
INV04827,monitor
INV03138,smartphone
INV03758,notebook
INV03930,notebook
INV05003,mouse
INV04562,notebook
INV03641,smartphone
INV06353,headphone
INV04328,keyboard
INV04350,monitor
INV02043,smartphone
INV05821,headphone
INV07849,mouse
INV02431,monitor
INV00248,mouse
INV08500,clocks
INV09129,notebook
INV03749,clocks
INV09367,clocks
INV02190,headphone
INV04284,notebook
INV00485,smartphone
INV02761,mouse
INV02883,monitor
INV06244,smartphone
INV09808,headphone
INV00022,notebook
INV04799,smartphone
INV04450,smartphone
INV09182,desktop
INV08502,headphone
INV09386,notebook
INV05162,headphone
INV00425,notebook
INV02217,desktop
INV02371,smartphone
INV00472,notebook
INV09820,mouse
INV09127,monitor
INV01587,desktop
INV05479,headphone
INV05839,keyboard
INV06279,notebook
INV04960,clocks
INV09698,keyboard
INV04871,notebook
INV03975,mouse
INV06978,headphone
INV07466,notebook
INV00489,smartphone
INV02468,headphone
INV03330,smartphone
INV01067,notebook
INV03668,
INV07777,mouse
INV09469,
INV09560,monitor
INV00872,clocks
INV07820,mouse
INV00420,keyboard
INV09375,notebook
INV08894,mouse
INV00570,clocks
INV01204,smartphone
INV00502,desktop
INV03843,clocks
INV07608,mouse
INV02725,smartphone
INV04613,keyboard
INV01477,smartphone
INV03169,headphone
INV08562,notebook
INV08424,headphone
INV09755,monitor
INV03175,notebook
INV08355,keyboard
INV00404,smartphone
INV09572,mouse
INV06972,tablet
INV03454,mouse
INV06827,headphone
INV08172,notebook
INV00082,headphone
INV09612,keyboard
INV09874,mouse
INV05013,smartphone
INV07908,headphone
INV08507,desktop
INV09878,headphone
INV07032,keyboard
INV06180,monitor
INV06250,clocks
INV06195,monitor
INV03941,keyboard
INV07995,headphone
INV08073,smartphone
INV00388,smartphone
INV04559,clocks
INV06795,printer
INV03471,mouse
INV03912,headphone
INV00624,smartphone
INV05200,keyboard
INV07375,keyboard
INV04528,keyboard
INV08810,desktop
INV00405,smartphone
INV01101,clocks
INV07638,notebook
INV04491,headphone
INV09079,notebook
INV04559,headphone
INV01245,monitor
INV01253,desktop
INV07112,notebook
INV08551,mouse
INV02141,smartphone
INV01123,smartphone
INV03664,monitor
INV03231,notebook
INV04367,notebook
INV09172,clocks
INV01919,monitor
INV03941,mouse
INV07808,keyboard
INV08699,keyboard
INV08692,clocks
INV06553,keyboard
INV03210,clocks
INV08127,smartphone
INV09474,notebook
INV05301,desktop
INV09826,desktop
INV08007,smartphone
INV02587,desktop
INV03255,smartphone
INV02498,smartphone
INV00050,desktop
INV02364,smartphone
INV01174,clocks
INV02133,keyboard
INV03214,smartphone
INV00464,notebook
INV08907,headphone
INV06181,smartphone
INV05660,keyboard
INV09021,clocks
INV03839,smartphone
INV02594,keyboard
INV07650,printer
INV03553,notebook
INV00892,headphone
INV00243,note_book
INV01813,keyboard
INV05912,mouse
INV03466,keyboard
INV06121,headphone
INV03910,keyboard
INV02248,notebook
INV09532,monitor
INV09209,notebook
INV04301,smartphone
INV06005,headphone
INV07373,headphone
INV00165,headphone
INV03011,clocks
INV03378,notebook
INV04007,keyboard
INV04006,notebook
INV05070,keyboard
INV09153,mouse
INV09034,notebook
INV02265,desktop
INV07550,monitor
INV04178,keyboard
INV06688,mouse
INV06140,headphone
INV05698,mouse
INV07090,smartphone
INV07677,monitor
INV09574,mouse
INV03342,smartphone
INV02862,monitor
INV09651,monitor
INV04224,smartphone
INV06245,monitor
INV00824,keyboard
INV02792,mouse
INV04490,headphone
INV00926,smartphone
INV07895,headphone
INV09081,keyboard
INV05691,mouse
INV09698,notebook
INV05484,keyboard
INV07846,smartphone
INV08185,mouse
INV08537,mouse
INV06209,mouse
INV00788,notebook
INV09702,headphone
INV06982,keyboard
INV08238,notebook
INV07453,monitor
INV02733,desktop
INV06564,headphone
INV09612,notebook
INV07953,smartphone
INV00859,smartphone
INV00812,tablet
INV09912,headphone
INV03222,smartphone
INV02347,notebook
INV09724,smartphone
INV08684,smartphone
INV03195,smartphone
INV05769,clocks
INV05489,notebook
INV00623,smatphone
INV07363,notebook
INV09984,smatphone
INV01652,monitor
INV09614,monitor
INV00177,tablet
INV01621,clocks
INV05652,keyboard
INV06167,mouse
INV07084,desktop
INV09567,mouse
INV04196,keyboard
INV02344,smartphone
INV07452,smartphone
INV02934,desktop
INV05405,mouse
INV05451,monitor
INV00960,mouse
INV02919,keyboard
INV07118,headphone
INV09420,mouse
INV00382,smartphone
INV03982,smartphone
INV05825,monitor
INV01521,headphone
INV05725,mouse
INV04853,monitor
INV08364,keyboard
INV00529,mouse
INV09602,headphone
INV03686,smartphone
INV04136,clocks
INV02733,mouse
INV00301,monitor
INV02214,desktop
INV03513,notebook
INV00808,mouse
INV03260,smartphone
INV09451,headphone
INV05304,smartphone
INV00497,desktop
INV02630,notebook
INV08485,mouse
INV03784,desktop
INV03036,mouse
INV03571,monitor
INV03868,desktop
INV07532,clocks
INV01325,notebook
INV07579,keyboard
INV01165,notebook
INV08282,mouse
INV00491,headphone
INV06734,desktop
INV00428,keyboard
INV04123,desktop
INV07968,notebook
INV09924,monitor
INV03370,keyboard
INV06636,headphone
INV09525,mouse
INV03121,notebook
INV07755,monitor
INV01491,headphone
INV02511,smartphone
INV06800,mouse
INV05998,notebook
INV04016,smartphone
INV02990,notebook
INV08703,mouse
INV01785,monitor
INV01682,keyboard
INV00181,headphone
INV06936,clocks
INV09655,mouse
INV02816,mouse
INV05428,notebook
INV04725,headphone
INV07444,keyboard
INV09985,smartphone
INV07260,smartphone
INV00226,desktop
INV06376,mouse
INV01906,keyboard
INV04759,headphone
INV09565,smartphone
INV00275,mouse
INV03354,smartphone
INV00189,notebook
INV05877,desktop
INV00804,headphone
INV06994,monitor
INV08273,clocks
INV02258,notebook
INV03341,smartphone
INV04879,clocks
INV03234,smartphone
INV00651,smartphone
INV03942,keyboard
INV02852,clocks
INV08124,desktop
INV01559,smartphone
INV00287,keyboard
INV05849,headphone
INV00767,mouse
INV01030,desktop
INV03778,keyboard
INV07646,desktop
INV06028,mouse
INV04714,notebook
INV05557,monitor
INV05336,monitor
INV02518,smartphone
INV02296,keyboard
INV08280,desktop
INV08903,headphone
INV02999,notebook
INV08908,mouse
INV06519,clocks
INV09397,clocks
INV04756,mouse
INV03494,mouse
INV05865,mouse
INV04147,notebook
INV04031,smartphone
INV05075,mouse
INV09163,mouse
INV04256,keyboard
INV07192,monitor
INV03404,notebook
INV00801,monitor
INV09249,monitor
INV04304,smartphone
INV07372,desktop
INV07066,monitor
INV05420,mouse
INV04770,smartphone
INV03272,keyboard
INV07176,keyboard
INV08899,smartphone
INV04081,monitor
INV06925,notebook
INV06359,smartphone
INV09517,mouse
INV04072,keyboard
INV09113,headphone
INV05133,headphone
INV06065,notebook
INV09132,mouse
INV04910,mouse
INV06032,smartphone
INV09130,mouse
INV06136,mouse
INV00306,keyboard
INV06288,notebook
INV09223,keyboard
INV02524,notebook
INV08601,
INV01181,keyboard
INV00689,smartphone
INV02303,printer
INV04884,desktop
INV05066,clocks
INV02282,keyboard
INV03715,smartphone
INV01211,mause
INV05242,headphone
INV09916,mouse
INV02050,mouse
INV06540,smartphone
INV01973,notebook
INV02018,smartphone
INV06547,smartphone
INV02155,headphone
INV01538,notebook
INV03352,keyboard
INV06511,smartphone
INV07991,headphone
INV08063,mouse
INV00372,smartphone
INV05777,desktop
INV00217,smartphone
INV04102,desktop
INV04882,headphone
INV01209,keyboard
INV04575,monitor
INV02750,mouse
INV04620,clocks
INV04806,keyboard
INV04635,smartphone
INV07117,tv
INV03546,notebook
INV05886,clocks
INV07499,mouse
INV06417,mouse
INV05757,keyboard
INV07370,notebook
INV04030,notebook
INV02756,mouse
INV07033,keyboard
INV09220,smartphone
INV08452,smartphone
INV06691,smartphone
INV01855,notebook
INV06859,keyboard
INV03176,mouse
INV06092,smartphone
INV02457,notebook
INV06949,mouse
INV05760,notebook
INV08679,clocks
INV04115,notebook
INV08051,desktop
INV08664,headphone
INV02464,headphone
INV00661,keyboard
INV04073,smartphone
INV05331,mouse
INV02249,keyboard
INV00395,mouse
INV06155,keyboard
INV06155,desktop
INV06635,keyboard
INV05220,headphone
INV01147,clocks
INV01783,keyboard
INV04402,mouse
INV07383,keyboard
INV04642,headphone
INV07294,mouse
INV00843,desktop
INV02631,mouse
INV03951,smartphone
INV05915,smartphone
INV05414,smartphone
INV00748,notebook
INV02719,notebook
INV05069,smartphone
INV02646,mouse
INV08611,
INV09047,clocks
INV07706,tv
INV06256,notebook
INV01524,monitor
INV01073,monitor
INV01760,monitor
INV00412,smartphone
INV04067,monitor
INV07332,headphone
INV02763,headphone
INV02194,desktop
INV00261,keyboard
INV03458,mouse
INV06933,notebook
INV07422,smartphone
INV07891,mouse
INV08577,mouse
INV04710,headphone
INV05084,monitor
INV01599,notebook
INV07798,mouse
INV08172,keyboard
INV08160,mouse
INV09696,notebook
INV08638,keyboard
INV03206,keyboard
INV05588,keyboard
INV07163,monitor
INV04127,mouse
INV04867,keyboard
INV04274,mouse
INV01226,keyboard
INV03456,smartphone
INV07446,mouse
INV01169,keyboard
INV01220,desktop
INV01836,headphone
INV00342,notebook
INV06232,smartphone
INV02920,notebook
INV02567,clocks
INV09215,mouse
INV00106,clocks
INV05084,mouse
INV02089,clocks
INV06912,smartphone
INV08445,desktop
INV00028,notebook
INV03071,headphone
INV09188,smartphone
INV02945,keyboard
INV03174,smartphone
INV09837,headphone
INV08468,mouse
INV09673,
INV06924,notebook
INV01632,notebook
INV05904,mouse
INV08271,mouse
INV04839,clocks
INV09081,mouse
INV02260,headphone
INV02314,keyboard
INV08733,monitor
INV07472,mouse
INV06095,notebook
INV01534,smartphone
INV03552,desktop
INV06131,clocks
INV09087,notebook
INV07582,mouse
INV03858,monitor
INV00605,clocks
INV04652,headphone
INV09935,desktop
INV07325,clocks
INV02302,headphone
INV06447,mouse
INV01506,monitor
INV09583,smartphone
INV05593,keyboard
INV07752,keyboard
INV05143,desktop
INV07738,mouse
INV01805,mouse
INV05306,headphone
INV05945,mouse
INV08043,notebook
INV05899,monitor
INV05507,desktop
INV05118,smartphone
INV01570,headphone
INV07228,mouse
INV03177,headphone
INV02947,keyboard
INV02847,notebook
INV02597,smartphone
INV03790,smartphone
INV01152,monitor
INV05897,keyboard
INV04608,keyboard
INV04947,smartphone
INV07097,smartphone
INV01091,keyboard
INV07068,smartphone
INV03885,
INV03666,clocks
INV07276,keyboard
INV05356,headphone
INV07580,notebook
INV03798,keyboard
INV03304,smartphone
INV03124,smartphone
INV00325,keyboard
INV02641,smartphone
INV05085,
INV07437,keyboard
INV03300,notebook
INV01136,notebook
INV04755,desktop
INV07020,mouse
INV05815,monitor
INV00516,monitor
INV07024,keyboard
INV08827,notebook
INV03353,clocks
INV05903,keyboard
INV00713,desktop
INV02047,smartphone
INV06396,monitor
INV01813,notebook
INV01166,smartphone
INV06954,keyboard
INV07878,notebook
INV04733,keyboard
INV07242,headphone
INV04832,notebook
INV09374,
INV03757,notebook
INV07895,smartphone
INV02370,smartphone
INV09578,headphone
INV04184,desktop
INV00332,mouse
INV02877,mouse
INV08088,mouse
INV09161,mouse
INV02196,mouse
INV07338,mouse
INV06647,keyboard
INV00711,monitor
INV00294,notebook
INV04021,notebook
INV04438,smartphone
INV03652,monitor
INV09600,desktop
INV03755,smartphone
INV01246,keyboard
INV03579,notebook
INV03865,notebook
INV01979,headphone
INV00477,headphone
INV08281,notebook
INV07438,smartphone
INV08463,smartphone
INV07871,monitor
INV07431,mouse
INV04330,smartphone
INV03063,desktop
INV07144,mouse
INV00289,keyboard
INV06646,notebook
INV09342,mouse
INV03087,headphone
INV03597,smartphone
INV03098,notebook
INV00915,headphone
INV06909,notebook
INV08422,headphone
INV07241,clocks
INV05558,keyboard
INV08356,mouse
INV08455,key_board
INV04404,clocks
INV03959,mouse
INV05005,keyboard
INV02016,smartphone
INV00094,keyboard
INV08920,clocks
INV04691,monitor
INV01371,headphone
INV03702,smartphone
INV09052,notebook
INV00953,smartphone
INV02033,desktop
INV05290,mouse
INV02333,headphone
INV05783,mause
INV06781,smartphone
INV02998,notebook
INV07218,keyboard
INV07800,notebook
INV08633,headphone
INV03118,smartphone
INV06165,notebook
INV01612,headphone
INV06851,mouse
INV04405,smartphone
INV01641,headphone
INV09505,notebook
INV00089,smartphone
INV08910,smartphone
INV09610,notebook
INV09929,headphone
INV07792,keyboard
INV06641,desktop
INV02668,keyboard
INV04860,headphone
INV04807,notebook
INV06819,smartphone
INV07476,desktop
INV09280,keyboard
INV05727,mouse
INV02570,headphone
INV03103,smartphone
INV09700,mouse
INV01474,mouse
INV06887,smartphone
INV00342,mouse
INV08929,monitor
INV00109,clocks
INV01098,smartphone
INV04993,notebook
INV05924,notebook
INV03106,clocks
INV02307,smartphone
INV08448,headphone
INV06539,monitor
INV00499,monitor
INV04724,notebook
INV09074,desktop
INV00433,keyboard
INV07641,mouse
INV07519,headphone
INV01908,smartphone
INV03457,clocks
INV00492,headphone
INV01667,desktop
INV04298,notebook
INV04359,mouse
INV01146,tablet
INV01624,desktop
INV02898,mouse
INV05454,mouse
INV01582,desktop
INV02922,mouse
INV09790,desktop
INV04892,headphone
INV08591,printer
INV06619,smartphone
INV01883,desktop
INV06380,keyboard
INV06145,clocks
INV09726,monitor
INV06296,keyboard
INV02714,monitor
INV02948,mouse
INV01471,smartphone
INV09943,notebook
INV07340,notebook
INV01025,desktop
INV08558,mouse
INV02901,headphone
INV03162,headphone
INV08233,headphone
INV04090,printer
INV07475,mouse
INV05400,smartphone
INV03793,keyboard
INV03401,clocks
INV09498,desktop
INV09549,mouse
INV09184,monitor
INV06541,mouse
INV09459,tv
INV06215,mouse
INV01772,mouse
INV08573,mouse
INV09745,headphone
INV06555,headphone
INV08083,smartphone
INV09061,keyboard
INV03182,clocks
INV02657,mouse
INV06045,desktop
INV03700,desktop
INV04479,smartphone
INV09367,smartphone
INV03124,headphone
INV04904,mouse
INV08385,notebook
INV02622,smartphone
INV03743,notebook
INV01341,clocks
INV03545,smartphone
INV09371,monitor
INV01645,mouse
INV03512,headphone
INV04906,clocks
INV02786,headphone
INV05368,keyboard
INV06543,smartphone
INV04864,headphone
INV04350,mouse
INV09622,mouse
INV05218,headphone
INV05821,clocks
INV08538,headphone
INV08304,smartphone
INV01652,desktop
INV09891,mouse
INV00560,mouse
INV09611,mouse
INV09911,clocks
INV07855,smartphone
INV04896,tablet
INV09297,headphone
INV08014,mause
INV00717,smartphone
INV00442,keyboard
INV09048,notebook
INV02682,clocks
INV03408,headphone
INV05139,notebook
INV06819,clocks
INV09119,headphone
INV08600,mouse
INV02924,clocks
INV02997,mouse
INV01822,smartphone
INV01025,monitor
INV09932,smartphone
INV05566,
INV03843,headphone
INV00578,keyboard
INV02870,mouse
INV09840,monitor
INV05889,printer
INV00755,notebook
INV07506,smartphone
INV05774,headphone
INV02829,headphone
INV03400,desktop
INV05398,headphone
INV06760,notebook
INV05124,printer
INV07306,headphone
INV07945,headphone
INV07065,monitor
INV08962,smartphone
INV02804,
INV08122,tablet
INV04019,notebook
INV06732,keyboard
INV04946,keyboard
INV07156,keyboard
INV01365,notebook
INV01413,notebook
INV06576,notebook
INV06209,keyboard
INV00269,
INV00136,smartphone
INV06292,headphone
INV08821,monitor
INV09146,tablet
INV08216,mause
INV01565,smartphone
INV02451,keyboard
INV09236,headphone
INV05225,mouse
INV07492,headphone
INV05077,headphone
INV05986,clocks
INV01830,smartphone
INV09335,mouse
INV03873,keyboard
INV01841,clocks
INV04114,smartphone
INV07790,keyboard
INV08507,notebook
INV03938,mouse
INV08511,clocks
INV06216,notebook
INV02628,smartphone
INV07888,notebook
INV08951,keyboard
INV04747,keyboard
INV07810,tv
INV06545,smartphone
INV08248,clocks
INV02184,smartphone
INV08530,
INV05858,printer
INV03846,notebook
INV00500,desktop
INV00629,mouse
INV02520,monitor
INV05554,mouse
INV06543,headphone
INV05162,clocks
INV08969,desktop
INV07780,monitor
INV06495,keyboard
INV09565,clocks
INV08724,notebook
INV02883,mouse
INV00140,smartphone
INV05206,desktop
INV01130,headphone
INV04557,desktop
INV01565,headphone
INV02500,monitor
INV06076,keyboard
INV09116,mouse
INV01601,tablet
INV03866,keyboard
INV02335,notebook
INV03928,monitor
INV09243,smartphone
INV02743,keyboard
INV02583,desktop
INV01353,mouse
INV05059,keyboard
INV07023,mouse
INV05334,keyboard
INV03630,keyboard
INV05870,smartphone
INV08958,smartphone
INV07257,headphone
INV01854,keyboard
INV01903,headphone
INV07512,monitor
INV02855,smartphone
INV06189,clocks
INV09819,mouse
INV01234,mouse
INV02750,notebook
INV07693,keyboard
INV07645,headphone
INV00070,clocks
INV04109,mouse
INV06727,headphone
INV02017,smartphone
INV03687,desktop
INV02660,mouse
INV05204,smartphone
INV07130,mouse
INV08056,smartphone
INV00091,mouse
INV00356,clocks
INV01810,mouse
INV06742,mouse
INV02894,headphone
INV09000,desktop
INV02328,clocks
INV06813,smartphone
INV00358,keyboard
INV03543,headphone
INV09966,smatphone
INV01002,smartphone
INV02873,monitor
INV05083,smartphone
INV02862,headphone
INV03688,smartphone
INV06697,mouse
INV01099,mouse
INV01919,mouse
INV01048,notebook
INV06948,keyboard
INV07210,headphone
INV08788,notebook
INV03287,monitor
INV05194,smartphone
INV00364,smartphone
INV08696,monitor
INV09034,keyboard
INV00197,keyboard
INV06765,clocks
INV05235,mouse
INV06177,smartphone
INV00861,smartphone
INV06466,desktop
INV04554,headphone
INV06676,keyboard
INV04975,clocks
INV02160,mouse
INV00301,desktop
INV02022,notebook
INV08524,mouse
INV07669,monitor
INV00351,notebook
INV00417,headphone
INV02899,notebook
INV07663,mouse
INV01547,headphone
INV06988,keyboard
INV06202,mouse
INV02504,mouse
INV01558,smartphone
INV07304,desktop
INV06494,clocks
INV09319,headphone
INV02732,desktop
INV05970,monitor
INV04241,mause
INV01193,keyboard
INV08252,notebook
INV09751,mouse
INV03964,smartphone
INV03159,monitor
INV00570,smartphone
INV04574,mouse
INV08855,smartphone
INV06599,desktop
INV03349,mouse
INV09475,mouse
INV02062,notebook
INV05144,notebook
INV09845,headphone
INV01578,clocks
INV04080,mouse
INV01885,headphone
INV04575,desktop
INV09630,keyboard
INV00654,notebook
INV08894,keyboard
INV02191,mouse
INV09731,headphone
INV09291,mouse
INV04152,headphone
INV00449,smartphone
INV00627,clocks
INV01933,keyboard
INV04199,mouse
INV01382,keyboard
INV04018,notebook
INV07014,smartphone
INV00384,mouse
INV00445,clocks
INV08755,keyboard
INV05668,headphone
INV09470,smartphone
INV04420,smartphone
INV05771,notebook
INV00975,printer
INV07578,headphone
INV02838,headphone
INV00364,clocks
INV01586,notebook
INV05506,smartphone
INV09382,headphone
INV05488,monitor
INV02368,desktop
INV01699,mouse
INV01237,headphone
INV01676,mouse
INV02482,monitor
INV03454,keyboard
INV02023,mouse
INV00191,headphone
INV03536,notebook
INV02336,desktop
INV01799,mouse
INV07504,smartphone
INV04009,smatphone
INV03326,keyboard
INV03109,mause
INV00814,monitor
INV02887,keyboard
INV08416,clocks
INV04996,clocks
INV00589,headphone
INV00788,keyboard
INV07009,smartphone
INV08711,clocks
INV02681,mouse
INV06011,monitor
INV06612,monitor
INV02687,keyboard
INV00590,notebook
INV06577,monitor
INV07755,keyboard
INV06377,monitor
INV05876,smartphone
INV06481,notebook
INV07201,mouse
INV09020,keyboard
INV00779,headphone
INV04694,smartphone
INV00125,notebook
INV03778,
INV09747,clocks
INV05479,smartphone
INV00711,desktop
INV06500,smartphone
INV07197,keyboard
INV07352,smartphone
INV09792,mouse
INV00416,tablet
INV08642,keyboard
INV06606,keyboard
INV00993,desktop
INV03036,desktop
INV06587,headphone
INV04024,
INV01229,desktop
INV04473,
INV05750,mouse
INV05552,
INV08028,desktop
INV08594,keyboard
INV03638,smatphone
INV05271,clocks
INV08638,notebook
INV01075,notebook
INV06818,clocks
INV01114,smartphone
INV03248,
INV06618,headphone
INV09118,desktop
INV07051,desktop
INV04562,keyboard
INV00221,notebook
INV08298,mouse
INV08326,mouse
INV06668,mouse
INV07764,clocks
INV02765,keyboard
INV04231,headphone
INV03100,monitor
INV06901,mouse
INV08147,mouse
INV00903,headphone
INV09560,smartphone
INV09958,keyboard
INV02623,tv
INV09310,notebook
INV02402,clocks
INV09950,notebook
INV03799,smartphone
INV07750,headphone
INV09922,smartphone
INV00417,smartphone
INV07736,mouse
INV05961,desktop
INV09140,smartphone
INV09447,headphone
INV02110,tablet
INV01376,mouse
INV07261,mouse
INV04895,monitor
INV02306,mouse
INV07806,headphone
INV06988,desktop
INV05042,headphone
INV07409,headphone
INV00612,clocks
INV08003,smartphone
INV03631,keyboard
INV09003,keyboard
INV06163,monitor
INV01898,mouse
INV03076,notebook
INV05853,mouse
INV08224,notebook
INV03285,clocks
INV04432,smartphone
INV01922,smartphone
INV03638,headphone
INV03074,mouse
INV01556,smartphone
INV04066,mouse
INV00195,notebook
INV01251,desktop
INV01249,smartphone
INV00902,mouse
INV04677,mouse
INV09181,mouse
INV04040,mouse
INV01585,smartphone
INV03726,monitor
INV09684,keyboard
INV07692,monitor
INV01146,desktop
INV07784,desktop
INV04693,clocks
INV07663,desktop
INV05433,headphone
INV09105,mouse
INV09484,mouse
INV03871,headphone
INV06729,desktop
INV03961,headphone
INV05691,notebook
INV06053,clocks
INV00564,mouse
INV07654,smartphone
INV09590,mouse
INV00775,mouse
INV08460,monitor
INV05830,desktop
INV06570,printer
INV03568,notebook
INV06473,mouse
INV03673,keyboard
INV04509,desktop
INV01783,monitor
INV08349,smartphone
INV01238,mouse
INV03024,notebook
INV06139,keyboard
INV00659,smartphone
INV07118,smartphone
INV06811,headphone
INV00704,keyboard
INV06951,clocks
INV01361,mouse
INV05750,desktop
INV01844,headphone
INV06848,keyboard
INV02756,monitor
INV05934,notebook
INV08817,desktop
INV00147,monitor
INV00220,headphone
INV07920,clocks
INV00968,smartphone
INV04501,keyboard
INV08387,keyboard
INV02527,mouse
INV01895,keyboard
INV07376,printer
INV06260,mouse
INV04076,smartphone
INV00536,clocks
INV03184,smartphone
INV04664,mouse
INV05814,key_board
INV09213,notebook
INV03887,mouse
INV01370,notebook
INV03700,mouse
INV03532,smartphone
INV02483,headphone
INV07680,smartphone
INV04303,headphone
INV02032,monitor
INV03179,mouse
INV03312,
INV03127,clocks
INV01436,smartphone
INV01133,desktop
INV08819,notebook
INV06382,smartphone
INV06451,smartphone
INV05330,mouse
INV01124,monitor
INV04123,monitor
INV08244,monitor
INV02651,notebook
INV07561,desktop
INV07664,monitor
INV04302,keyboard
INV09551,headphone
INV04005,keyboard
INV03085,monitor
INV01431,tablet
INV04458,mouse
INV03528,desktop
INV06378,smartphone
INV07181,key_board
INV04463,smartphone
INV00923,keyboard
INV04514,smartphone
INV05266,keyboard
INV03159,mouse
INV05096,desktop
INV05562,smartphone
INV05702,mouse
INV08623,
INV08284,mouse
INV08749,desktop
INV02205,mouse
INV09927,clocks
INV03609,keyboard
INV08616,notebook
INV04221,monitor
INV01032,notebook
INV04901,monitor
INV08630,mouse
INV01242,note_book
INV02098,keyboard
INV05674,smartphone
INV02077,mouse
INV00129,headphone
INV06008,monitor
INV06825,key_board
INV09234,monitor
INV05859,notebook
INV05542,headphone
INV06286,notebook
INV03585,monitor
INV08039,clocks
INV01889,smartphone
INV00102,mouse
INV08227,tablet
INV06336,monitor
INV05586,headphone
INV06752,notebook
INV05273,headphone
INV07053,mouse
INV06300,desktop
INV07990,keyboard
INV04982,notebook
INV07232,smartphone
INV01413,mouse
INV08363,smartphone
INV01312,notebook
INV09872,mouse
INV03656,notebook
INV00672,tablet
INV09478,clocks
INV06729,monitor
INV04028,smartphone
INV01096,keyboard
INV01118,headphone
INV01859,keyboard
INV07462,mouse
INV07974,smartphone
INV07962,headphone
INV06275,headphone
INV07456,keyboard
INV01273,monitor
INV01325,mouse
INV09228,monitor
INV06721,keyboard
INV00619,monitor
INV07474,desktop
INV02556,smartphone
INV00384,desktop
INV02577,monitor
INV08892,headphone
INV06940,notebook
INV08434,notebook
INV07732,mouse
INV09784,monitor
INV08490,monitor
INV02390,clocks
INV09519,keyboard
INV01679,headphone
INV00411,smartphone
INV00123,headphone
INV02186,headphone
INV05459,headphone
INV08080,keyboard
INV04437,keyboard
INV00337,keyboard
INV00006,keyboard
INV04044,desktop
INV09115,desktop
INV02575,notebook
INV02627,monitor
INV01315,keyboard
INV08469,notebook
INV05070,desktop
INV05341,smartphone
INV09068,keyboard
INV00007,smartphone
INV07152,notebook
INV00525,mouse
INV03524,mouse
INV09718,notebook
INV05960,notebook
INV04626,notebook
INV08262,keyboard
INV06190,headphone
INV08149,smartphone
INV00508,headphone
INV00706,
INV05964,smartphone
INV03117,
INV04589,smartphone
INV09657,keyboard
INV00741,mouse
INV03835,smartphone
INV00024,monitor
INV06179,smartphone
INV05344,keyboard
INV01877,clocks
INV09269,notebook
INV07613,mouse
INV03205,mouse
INV04683,desktop
INV00488,headphone
INV04162,tablet
INV07337,mouse
INV01513,headphone
INV08712,smartphone
INV06101,notebook
INV05711,notebook
INV07457,tablet
INV05109,headphone
INV07449,headphone
INV07367,headphone
INV09547,mouse
INV03073,mouse
INV07251,keyboard
INV07052,headphone
INV01949,monitor
INV04794,smartphone
INV02444,notebook
INV02011,tablet
INV00116,clocks
INV08465,notebook
INV06992,keyboard
INV02721,clocks
INV05638,headphone
INV09214,headphone
INV03639,monitor
INV01567,smartphone
INV09479,mouse
INV09874,mouse
INV08489,keyboard
INV08037,mouse
INV04850,smartphone
INV04806,notebook
INV07782,mouse
INV04446,
INV00610,desktop
INV01864,headphone
INV07539,headphone
INV00632,mouse
INV00479,clocks
INV07916,mouse
INV05926,mouse
INV05692,headphone
INV00852,smartphone
INV01284,mouse
INV06902,notebook
INV05981,smartphone
INV02148,clocks
INV01438,keyboard
INV05926,notebook
INV01022,notebook
INV08473,mouse
INV03581,notebook
INV08861,mouse
INV07624,smartphone
INV04200,mouse
INV09946,desktop
INV05254,monitor
INV04436,monitor
INV01613,clocks
INV05006,smartphone
INV05241,smartphone
INV09552,keyboard
INV04563,monitor
INV03951,clocks
INV02314,notebook
INV06045,keyboard
INV09147,mouse
INV04085,smartphone
INV07871,keyboard
INV02776,mouse
INV02021,notebook
INV04829,mouse
INV05202,notebook
INV06737,smartphone
INV05280,desktop
INV05410,notebook
INV04080,monitor
INV09271,clocks
INV06439,clocks
INV05078,notebook
INV06925,mouse
INV06607,mouse
INV00095,smartphone
INV06132,keyboard
INV09875,notebook
INV00670,smartphone
INV07153,keyboard
INV03334,mouse
INV01022,keyboard
INV02239,notebook
INV04676,keyboard
INV08354,headphone
INV02820,clocks
INV00680,
INV00307,notebook
INV04465,clocks
INV08303,keyboard
INV09115,mouse
INV06082,notebook
INV04402,desktop
INV04434,smartphone
INV07884,monitor
INV04423,headphone
INV02018,clocks
INV08664,clocks
INV06605,mouse
INV05830,monitor
INV07769,clocks
INV00483,mouse
INV06826,mouse
INV01068,desktop
INV08288,smartphone
INV02670,smartphone
INV04788,clocks
INV03685,keyboard
INV04460,monitor
INV08217,headphone
INV02438,desktop
INV08022,keyboard
INV06464,notebook
INV03664,keyboard
INV09177,mouse
INV09654,headphone
INV02161,smartphone
INV06619,headphone
INV06553,mouse
INV01254,notebook
INV06821,mouse
INV09346,smartphone
INV09118,mouse
INV04232,mouse
INV02262,smartphone
INV06310,smartphone
INV07067,smartphone
INV00617,mouse
INV03389,notebook
INV09962,mouse
INV00005,clocks
INV04168,mouse
INV04656,monitor
INV06301,smartphone
INV06374,mouse
INV05498,notebook
INV03932,clocks
INV01595,headphone
INV05437,clocks
INV06901,notebook
INV06945,tv
INV08108,keyboard
INV06137,mouse
INV07949,headphone
INV07263,smartphone
INV04839,smartphone
INV01188,clocks
INV03842,notebook
INV03498,mouse
INV01913,tv
INV00375,headphone
INV02859,headphone
INV00419,smartphone
INV08353,keyboard
INV04020,notebook
INV09538,smartphone
INV08981,desktop
INV09467,headphone
INV04922,mouse
INV04931,headphone
INV08661,
INV01367,smartphone
INV07528,notebook
INV00202,mouse
INV09192,headphone
INV04513,smartphone
INV09810,headphone
INV03230,clocks
INV06523,smartphone
INV09514,smartphone
INV00469,smartphone
INV09865,mouse
INV04134,keyboard
INV03176,mouse
INV09850,headphone
INV00866,notebook
INV08397,
INV03110,desktop
INV09449,smartphone
INV01944,smartphone
INV07040,desktop
INV00328,keyboard
INV02710,clocks
INV07676,keyboard
INV03739,keyboard
INV04953,notebook
INV06910,mouse
INV07527,headphone
INV01016,desktop
INV08563,mouse
INV06222,headphone
INV05263,mouse
INV03248,desktop
INV08361,keyboard
INV00334,mouse
INV03753,clocks
INV09702,smartphone
INV08851,mouse
INV01319,keyboard
INV01391,mouse
INV07411,mouse
INV07536,headphone
INV08941,headphone
INV02645,monitor
INV07612,smartphone
INV00016,keyboard
INV06504,tablet
INV02433,clocks
INV02404,desktop
INV09048,mouse
INV00509,notebook
INV05322,clocks
INV05048,keyboard
INV03143,notebook
INV01076,desktop
INV05012,keyboard
INV08372,notebook
INV06574,notebook
INV02379,printer
INV04689,headphone
INV04128,tablet
INV06694,notebook
INV09657,notebook
INV04695,headphone
INV09004,notebook
INV03844,mouse
INV07818,tv
INV08414,keyboard
INV05940,clocks
INV01925,tablet
INV06253,mouse
INV02096,headphone
INV01551,clocks
INV08296,notebook
INV04898,smartphone
INV09106,headphone
INV08232,smartphone
INV06705,keyboard
INV09084,desktop
INV06881,notebook
INV00245,headphone
INV07067,clocks
INV01157,mouse
INV06590,notebook
INV01101,smartphone
INV08091,clocks
INV04379,smartphone
INV05086,notebook
INV07661,notebook
INV08617,smartphone
INV08458,notebook
INV04972,smartphone
INV06260,notebook
INV02037,smartphone
INV09695,smartphone
INV08145,mouse
INV09946,monitor
INV03587,notebook
INV01255,notebook
INV08597,monitor
INV08347,mouse
INV03648,monitor
INV00939,clocks
INV01676,keyboard
INV02029,clocks
INV04914,clocks
INV01072,mouse
INV07384,monitor
INV00371,smartphone
INV07656,headphone
INV03930,keyboard
INV07900,monitor
INV03701,clocks
INV07903,keyboard
INV08940,smartphone
INV07291,monitor
INV05327,smartphone
INV09525,monitor
INV03307,notebook
INV06282,notebook
INV04355,clocks
INV09341,keyboard
INV06985,keyboard
INV00822,smartphone
INV04981,monitor
INV04336,mouse
INV07531,notebook
INV06018,notebook
INV07144,mouse
INV04431,smartphone
INV02726,monitor
INV08242,desktop
INV06781,headphone
INV04082,mouse
INV06345,smartphone
INV04800,smartphone
INV05750,keyboard
INV07661,mouse
INV04031,headphone
INV02403,smartphone
INV01134,headphone
INV07445,key_board
INV06893,smartphone
INV09608,headphone
INV04088,mouse
INV09681,desktop
INV01840,monitor
INV01489,smartphone
INV02602,clocks
INV09182,keyboard
INV07023,desktop
INV01826,notebook
INV08132,clocks
INV04236,mouse
INV06705,notebook
INV03233,headphone
INV06911,desktop
INV05681,smartphone
INV01623,notebook
INV02845,mouse
INV07731,headphone
INV05050,smartphone
INV06236,notebook
INV00985,smartphone
INV05303,keyboard
INV00037,smartphone
INV05832,mouse
INV00587,keyboard
INV08709,notebook
INV05661,headphone
INV00597,mouse
INV07702,smartphone
INV08775,keyboard
INV02897,headphone
INV01786,smartphone
INV02854,keyboard
INV01385,headphone
INV05475,keyboard
INV06205,keyboard
INV06962,mouse
INV08877,smartphone
INV03922,mouse
INV07404,desktop
INV06666,mouse
INV05075,desktop
INV04683,monitor
INV06019,mouse
INV09138,
INV06957,smartphone
INV06348,mouse
INV00533,notebook
INV03324,mouse
INV03549,smartphone
INV06926,keyboard
INV05066,smatphone
INV09298,clocks
INV09818,desktop
INV08145,monitor
INV07310,keyboard
INV02416,mouse
INV01349,keyboard
INV09501,printer
INV03473,notebook
INV08461,smartphone
INV01450,keyboard
INV06235,
INV01580,notebook
INV07036,smartphone
INV07402,clocks
INV09046,monitor
INV07767,keyboard
INV08272,keyboard
INV07618,smartphone
INV01009,notebook
INV03414,headphone
INV03009,desktop
INV09580,keyboard
INV04710,clocks
INV07424,smartphone
INV06455,monitor
INV05597,smartphone
INV09112,key_board
INV07848,desktop
INV01155,keyboard
INV09677,notebook
INV00752,notebook
INV01153,notebook
INV05402,notebook
INV03599,headphone
INV04669,smatphone
INV05388,tablet
INV09067,headphone
INV04674,mause
INV06972,keyboard
INV04391,keyboard
INV09100,notebook
INV04989,keyboard
INV06989,mouse
INV01046,keyboard
INV03241,monitor
INV03553,mouse
INV02682,headphone
INV03126,notebook
INV00216,printer
INV06261,mouse
INV02926,keyboard
INV07469,tv
INV04346,desktop
INV01485,keyboard
INV09589,smartphone
INV00455,smartphone
INV08370,notebook
INV01467,notebook
INV06663,note_book
INV03418,smartphone
INV00449,headphone
INV06109,monitor
INV05285,
INV08642,monitor
INV07947,mouse
INV00635,clocks
INV09976,headphone
INV08231,headphone
INV07811,
INV07182,headphone
INV09476,mouse
INV05010,keyboard
INV01498,keyboard
INV07782,desktop
INV03454,monitor
INV08064,keyboard
INV00928,notebook
INV01859,desktop
INV00582,keyboard
INV05223,notebook
INV00516,desktop
INV03693,notebook
INV01921,keyboard
INV09406,mouse
INV06267,mouse
INV04398,notebook
INV04354,monitor
INV04290,monitor
INV07779,headphone
INV05515,smartphone
INV00132,monitor
INV03510,desktop
INV09050,desktop
INV02645,mouse
INV00090,mouse
INV05966,notebook
INV05497,clocks
INV02398,smartphone
INV08841,monitor
INV03536,mouse
INV06841,keyboard
INV05992,notebook
INV01785,desktop
INV08155,mouse
INV00885,desktop
INV02735,mouse
INV08736,desktop
INV01414,notebook
INV08489,desktop
INV02034,notebook
INV05983,tablet
INV02140,notebook
INV05793,mouse
INV09202,mouse
INV00264,smartphone
INV04618,notebook
INV08115,mouse
INV06530,monitor
INV08765,mouse
INV02255,clocks
INV09381,headphone
INV04468,smartphone
INV04787,mouse
INV06811,clocks
INV01779,mouse
INV00989,smartphone
INV07619,mouse
INV03461,clocks
INV05733,tv
INV04325,keyboard
INV04500,desktop
INV03244,clocks
INV04050,smartphone
INV04375,notebook
INV04593,clocks
INV05133,smartphone
INV02879,desktop
INV08193,headphone
INV06976,clocks
INV05770,clocks
INV01296,clocks
INV07835,mouse
INV06728,headphone
INV04124,headphone
INV04864,smartphone
INV00135,keyboard
INV05784,notebook
INV08958,headphone
INV06742,notebook
INV09290,smartphone
INV06138,headphone
INV09195,
INV08371,smartphone
INV02996,mouse
INV00913,headphone
INV08153,smartphone
INV07064,monitor
INV03733,mouse
INV08695,headphone
INV06555,smartphone
INV08057,smartphone
INV07092,clocks
INV03448,smartphone
INV02030,desktop
INV02949,mouse
INV06380,desktop
INV07511,headphone
INV02246,headphone
INV09708,keyboard
INV06164,desktop
INV06567,desktop
INV05731,headphone
INV05099,notebook
INV00707,monitor
INV04111,mouse
INV03161,mouse
INV03346,headphone
INV09681,keyboard
INV05500,headphone
INV03313,smartphone
INV00997,mouse
INV09788,desktop
INV04692,notebook
INV06595,mouse
INV01007,mouse
INV00298,notebook
INV07143,mouse
INV05804,smartphone
INV07757,monitor
INV05754,keyboard
INV06330,mouse
INV06085,smartphone
INV00049,smartphone
INV03353,smartphone
INV08379,desktop
INV03008,desktop
INV00247,smartphone
INV04281,clocks
INV06292,clocks
INV01354,mouse
INV00849,mouse
INV01084,clocks
INV09213,mouse
INV07467,keyboard
INV00799,headphone
INV01782,smartphone
INV04980,notebook
INV04750,smartphone
INV00465,desktop
INV07473,headphone
INV00235,smartphone
INV03238,mouse
INV09237,desktop
INV06934,keyboard
INV05739,mouse
INV02465,keyboard
INV04459,clocks
INV07863,smartphone
INV03377,mouse
INV06426,headphone
INV03429,notebook
INV01158,keyboard
INV08307,tablet
INV06897,
INV08209,notebook
INV00988,clocks
INV01013,smartphone
INV03674,smartphone
INV02799,clocks
INV09298,smartphone
INV04429,smartphone
INV09647,keyboard
INV03152,desktop
INV02907,desktop
INV04487,headphone
INV01573,mouse
INV09477,mouse
INV02406,clocks
INV05779,headphone
INV02159,headphone
INV07046,clocks
INV08175,notebook
INV04808,notebook
INV06398,keyboard
INV00265,printer
INV00124,clocks
INV00256,monitor
INV01581,desktop
INV05339,desktop
INV02692,headphone
INV08191,smartphone
INV01654,notebook
INV00929,headphone
INV08814,mouse
INV07959,clocks
INV07775,tablet
INV06978,smartphone
INV05113,smartphone
INV05356,smartphone
INV01450,mouse
INV06823,smartphone
INV00611,printer
INV05012,mause
INV01230,key_board
INV07432,notebook
INV05301,keyboard
INV09882,clocks
INV08857,clocks
INV09583,headphone
INV03517,desktop
INV05404,keyboard
INV09805,monitor
INV09531,monitor
INV06713,headphone
INV09174,mouse
INV06350,headphone
INV07103,mouse
INV06977,clocks
INV05845,desktop
INV01155,notebook
INV01887,mouse
INV09776,smartphone
INV08235,headphone
INV00287,mouse
INV04327,keyboard
INV05990,desktop
INV06473,monitor
INV01276,notebook
INV07245,keyboard
INV05118,clocks
INV04295,notebook
INV04074,printer
INV06848,mouse
INV09366,smartphone
INV07109,smartphone
INV06212,keyboard
INV06828,headphone
INV07720,smartphone
INV08218,mouse
INV06213,desktop
INV05045,mouse
INV06936,smartphone
INV03015,desktop
INV03008,keyboard
INV01836,mouse
INV05098,keyboard
INV00556,notebook
INV02164,smartphone
INV05743,notebook
INV07404,keyboard
INV08494,desktop
INV01818,clocks
INV08706,mouse
INV08419,smartphone
INV02500,mouse
INV01332,smartphone
INV09701,smartphone
INV07275,desktop
INV02200,keyboard
INV00536,smartphone
INV04666,keyboard
INV03283,keyboard
INV08132,smartphone
INV05607,keyboard
INV08698,monitor
INV05929,keyboard
INV06685,notebook
INV05028,clocks
INV09223,mouse
INV00015,notebook
INV02917,keyboard
INV06466,mouse
INV03305,desktop
INV09362,clocks
INV09455,keyboard
INV02135,clocks
INV00427,smartphone
INV01990,tablet
INV08166,mouse
INV03679,smartphone
INV00175,notebook
INV00885,monitor
INV04184,mouse
INV00801,mouse
INV04722,notebook
INV01947,notebook
INV06419,keyboard
INV06217,keyboard
INV05553,mouse
INV01904,clocks
INV02833,smartphone
INV08852,desktop
INV03543,smartphone
INV04646,monitor
INV04065,mouse
INV03245,notebook
INV03236,desktop
INV03048,monitor
INV09577,smartphone
INV00335,monitor
INV01563,desktop
INV08698,key_board
INV03805,note_book
INV08710,keyboard
INV01393,desktop
INV04811,clocks
INV04066,keyboard
INV00835,headphone
INV02027,smartphone
INV00072,monitor
INV09757,keyboard
INV00944,smartphone
INV06381,mouse
INV06809,keyboard
INV08865,mouse
INV01044,desktop
INV09666,smartphone
INV09647,notebook
INV04331,keyboard
INV01397,printer
INV04738,clocks
INV09162,smartphone
INV08058,keyboard
INV06724,smartphone
INV06541,monitor
INV05065,mouse
INV06570,clocks
INV04516,monitor
INV04024,desktop
INV06018,keyboard
INV00935,keyboard
INV01295,mouse
INV07633,smartphone
INV08906,keyboard
INV05679,desktop
INV04373,mouse
INV07778,keyboard
INV00931,mouse
INV05627,keyboard
INV09971,mouse
INV04802,notebook
INV08948,notebook
INV09597,smartphone
INV05143,monitor
INV01160,mouse
INV00696,notebook
INV08268,headphone
INV00924,monitor
INV03385,headphone
INV00637,smatphone
INV02757,key_board
INV00961,smartphone
INV01660,notebook
INV05125,note_book
INV05725,notebook
INV05455,smartphone
INV02322,monitor
INV02348,keyboard
INV08498,notebook
INV06182,notebook
INV02060,clocks
INV06030,monitor
INV01529,clocks
INV07666,clocks
INV00096,smartphone
INV01042,mouse
INV00021,smartphone
INV02508,smartphone
INV04570,desktop
INV03568,mouse
INV02402,smartphone
INV02097,smartphone
INV00360,notebook
INV00251,mouse
INV06495,mouse
INV08361,notebook
INV05759,keyboard
INV00495,monitor
INV09967,monitor
INV04204,keyboard
INV02274,smartphone
INV05229,desktop
INV06908,desktop
INV08101,monitor
INV06190,headphone
INV08667,clocks
INV06581,monitor
INV04555,mouse
INV02523,keyboard
INV05899,
INV08295,tablet
INV03190,smartphone
INV08743,headphone
INV02325,smartphone
INV01946,smartphone
INV07048,headphone
INV03596,desktop
INV02027,clocks
INV09218,notebook
INV09208,notebook
INV01706,mouse
INV03675,smartphone
INV09273,mouse
INV09524,monitor
INV09329,keyboard
INV04648,mouse
INV07059,smartphone
INV05884,desktop
INV07610,headphone
INV08930,printer
INV02802,clocks
INV04071,clocks
INV09109,tablet
INV07188,smatphone
INV04397,smartphone
INV09190,keyboard
INV02442,mouse
INV01591,keyboard
INV03910,mouse
INV00763,keyboard
INV07904,mouse
INV02149,monitor
INV00846,smartphone
INV02150,mouse
INV06921,smartphone
INV03395,monitor
INV02610,mouse
INV02221,keyboard
INV06974,smartphone
INV06745,notebook
INV00224,keyboard
INV06939,keyboard
INV03687,mouse
INV02688,smartphone
INV00502,mouse
INV04174,headphone
INV07729,monitor
INV05324,headphone
INV09736,headphone
INV08866,desktop
INV03381,clocks
INV04347,headphone
INV01287,mouse
INV02372,smartphone
INV08646,smartphone
INV00930,monitor
INV09913,smartphone
INV07450,keyboard
INV09548,keyboard
INV08911,clocks
INV05239,printer
INV06739,monitor
INV01749,headphone
INV02982,headphone
INV02540,keyboard
INV03561,notebook
INV03207,clocks
INV09271,smartphone
INV02657,notebook
INV01205,clocks
INV03045,notebook
INV03927,mouse
INV07394,monitor
INV00176,mouse
INV06668,keyboard
INV01811,headphone
INV07116,headphone
INV01070,headphone
INV01969,notebook
INV07966,notebook
INV05079,notebook
INV03077,notebook
INV02451,mouse
INV03108,smartphone
INV04592,monitor
INV07949,smartphone
INV05914,smartphone
INV09049,smartphone
INV06578,notebook
INV05256,keyboard
INV05635,desktop
INV09944,clocks
INV08008,notebook
INV09291,desktop
INV00536,headphone
INV06679,keyboard
INV03972,mouse
INV06191,keyboard
INV07622,notebook
INV05352,keyboard
INV03990,mouse
INV00661,notebook
INV09693,headphone
INV00850,clocks
INV01458,mouse
INV04400,notebook
INV05013,clocks
INV04560,mouse
INV03814,clocks
INV00183,headphone
INV07271,keyboard
INV08644,smartphone
INV05712,mause
INV07125,notebook
INV02122,mouse
INV07023,monitor
INV07862,clocks
INV07438,clocks
INV03547,smartphone
INV08754,smartphone
INV08278,smartphone
INV08200,smartphone
INV05594,mouse
INV02181,clocks
INV07777,keyboard
INV07502,headphone
INV00930,desktop
INV04001,desktop
INV09576,mouse
INV03967,smatphone
INV05539,mouse
INV00185,desktop
INV01987,smartphone
INV00793,headphone
INV04572,notebook
INV02909,notebook
INV00389,keyboard
INV08391,keyboard
INV00736,notebook
INV00327,smartphone
INV06416,tablet
INV00008,mause
INV09383,keyboard
INV02936,keyboard
INV01317,desktop
INV01417,keyboard
INV01613,headphone
INV09978,headphone
INV06969,smartphone
INV02956,mouse
INV07410,smartphone
INV06339,notebook
INV07944,smartphone
INV06744,desktop
INV05960,mouse
INV05685,notebook
INV04337,notebook
INV07891,notebook
INV01803,keyboard
INV08709,mouse
INV08177,smartphone
INV04439,notebook
INV05484,
INV03416,mouse
INV06296,mouse
INV05064,keyboard
INV07260,headphone
INV05707,mouse
INV03983,desktop
INV07065,desktop
INV09042,clocks
INV09843,mouse
INV05919,desktop
INV04335,smartphone
INV05353,headphone
INV05276,smartphone
INV05887,smartphone
INV09755,desktop
INV09612,mouse
INV06847,key_board
INV00046,smartphone
INV05112,mouse
INV04498,notebook
INV07155,monitor
INV01374,notebook
INV01986,smartphone
INV03936,desktop
INV00562,headphone
INV07591,notebook
INV07542,smartphone
INV01340,mouse
INV08040,notebook
INV06777,mouse
INV09854,clocks
INV08079,tv
INV09579,smartphone
INV02120,mouse
INV01332,clocks
INV08151,monitor
INV07214,printer
INV09737,notebook
INV00835,smartphone
INV08019,desktop
INV07946,desktop
INV09397,smartphone
INV06711,monitor
INV05382,clocks
INV02209,keyboard
INV00010,headphone
INV05522,keyboard
INV01934,notebook
INV02167,mouse
INV07521,keyboard
INV04328,mouse
INV02931,mouse
INV02800,keyboard
INV04540,keyboard
INV00290,monitor
INV06333,mouse
INV07690,monitor
INV00585,notebook
INV07878,keyboard
INV05528,keyboard
INV06587,smartphone
INV08787,headphone
INV08807,mouse
INV07374,clocks
INV01918,keyboard
INV03708,mouse
INV07743,keyboard
INV06148,clocks
INV08841,mouse
INV01430,headphone
INV02482,desktop
INV07594,notebook
INV03213,notebook
INV03137,headphone
INV01005,mouse
INV09717,monitor
INV05933,smartphone
INV04696,notebook
INV06804,headphone
INV02062,mouse
INV06156,smatphone
INV08190,keyboard
INV08976,smartphone
INV02263,headphone
INV06413,mouse
INV05135,smartphone
INV00163,clocks
INV01875,headphone
INV06016,mouse
INV05100,headphone
INV06494,headphone
INV00534,desktop
INV07658,notebook
INV01651,smartphone
INV02837,headphone
INV04867,clocks
INV04859,notebook
INV09546,mouse
INV00100,notebook
INV03066,keyboard
INV01650,mouse
INV01521,smartphone
INV05383,keyboard
INV01773,desktop
INV05508,clocks
INV08702,monitor
INV08045,notebook
INV09002,smartphone
INV00167,mouse
INV00945,tablet
INV02089,smartphone
INV08759,notebook
INV05264,mouse
INV08071,notebook
INV08262,monitor
INV03720,printer
INV04394,mouse
INV08649,headphone
INV02459,keyboard
INV06659,desktop
INV04220,headphone
INV05445,keyboard
INV07897,mouse
INV09856,mouse
INV04716,monitor
INV01230,mouse
INV01138,smartphone
INV09350,keyboard
INV09293,desktop
INV03596,monitor
INV07335,tablet
INV06630,mouse
INV05789,notebook
INV00862,keyboard
INV03827,monitor
INV04154,headphone
INV03767,keyboard
INV03287,keyboard
INV01985,headphone
INV09483,notebook
INV01362,smartphone
INV04973,desktop
INV02467,
INV00200,keyboard
INV01990,notebook
INV05227,monitor
INV09943,mouse
INV05578,
INV09263,monitor
INV07772,keyboard
INV03952,smartphone
INV03117,desktop
INV00688,monitor
INV05857,monitor
INV09301,smartphone
INV01290,notebook
INV01383,notebook
INV03899,notebook
INV01625,smartphone
INV02959,desktop
INV00099,notebook
INV08570,tv
INV04978,monitor
INV07683,notebook
INV04847,notebook
INV01474,notebook
INV01163,mouse
INV00155,mouse
INV04515,headphone
INV02629,smartphone
INV09681,monitor
INV02531,smatphone
INV03486,monitor
INV08544,smartphone
INV02818,monitor
INV03883,smartphone
INV09869,keyboard
INV03742,notebook
INV01078,keyboard
INV05127,keyboard
INV03746,headphone
INV05305,smartphone
INV09825,smartphone
INV02068,keyboard
INV08789,mouse
INV04024,keyboard
INV04785,mouse
INV00550,key_board
INV01918,notebook
INV08751,monitor
INV04497,clocks
INV03222,clocks
INV01456,monitor
INV05318,notebook
INV05907,keyboard
INV07300,smartphone
INV07324,headphone
INV01648,mouse
INV05684,notebook
INV02723,monitor
INV09866,notebook
INV07038,notebook
INV06322,smartphone
INV06980,notebook
INV09755,keyboard
INV00196,desktop
INV05173,notebook
INV01556,clocks
INV03306,smartphone
INV07638,keyboard
INV02680,keyboard
INV05420,keyboard
INV03277,smartphone
INV04230,mouse
INV00184,clocks
INV04551,smartphone
INV01251,smartphone
INV02967,desktop
INV02902,monitor
INV05102,keyboard
INV01867,keyboard
INV06850,headphone
INV05794,headphone
INV06910,notebook
INV03609,monitor
INV09727,mouse
INV09399,keyboard
INV09868,smartphone
INV07989,clocks
INV00982,mouse
INV01347,notebook
INV04513,headphone
INV09413,smartphone
INV02443,headphone
INV02957,desktop
INV02125,notebook
INV08630,notebook
INV03074,notebook
INV00645,clocks
INV04893,mouse
INV09608,smartphone
INV08883,smartphone
INV05703,mouse
INV01958,notebook
INV04250,headphone
INV03221,desktop
INV03633,monitor
INV07395,notebook
INV09804,notebook
INV06427,notebook
INV01862,headphone
INV00203,mouse
INV07296,notebook
INV05191,keyboard
INV09379,smartphone
INV08941,smatphone
INV05798,desktop
INV07284,mause
INV07526,notebook
INV07005,tablet
INV05672,notebook
INV04147,keyboard
INV06334,smartphone
INV02875,clocks
INV02152,monitor
INV07616,notebook
INV06583,desktop
INV01231,clocks
INV01563,monitor
INV03322,smartphone
INV01041,smartphone
INV01450,notebook
INV02063,monitor
INV07128,smartphone
INV01694,keyboard
INV00852,clocks
INV00431,tv
INV04196,notebook
INV03029,keyboard
INV07517,notebook
INV05129,headphone
INV01334,monitor
INV07181,desktop
INV01241,desktop
INV08937,desktop
INV03313,headphone
INV02106,tv
INV02539,mouse
INV02150,notebook
INV04419,monitor
INV09299,keyboard
INV02620,printer
INV04493,
INV03884,notebook
INV08820,smartphone
INV08906,mouse
INV03374,keyboard
INV03264,headphone
INV08688,mouse
INV09509,tablet
INV09019,headphone
INV05575,notebook
INV05656,notebook
INV04320,notebook
INV05796,monitor
INV01140,monitor
INV05578,clocks
INV03905,smartphone
INV07999,smartphone
INV00363,keyboard
INV08359,notebook
INV00225,mause
INV07699,notebook
INV04278,notebook
INV02087,clocks
INV02069,mause
INV09297,smatphone
INV02075,mouse
INV08935,keyboard
INV09231,
INV08541,smartphone
INV00750,notebook
INV04596,smartphone
INV07178,notebook
INV04565,notebook
INV07489,clocks
INV02179,notebook
INV07348,notebook
INV03855,clocks
INV01583,smartphone
INV09887,desktop
INV07850,smartphone
INV09938,desktop
INV03220,headphone
INV00504,tv
INV05015,smartphone
INV07328,mouse
INV02496,monitor
INV02786,tablet
INV01822,headphone
INV02408,smartphone
INV03926,headphone
INV01166,headphone
INV05536,keyboard
INV01264,mouse
INV02320,smatphone
INV07281,notebook
INV05131,notebook
INV03400,keyboard
INV08505,desktop
INV09437,notebook
INV05134,
INV02363,keyboard
INV07998,mouse
INV01156,monitor
INV08821,tablet
INV07307,notebook
INV02602,smartphone
INV04160,mouse
INV00752,mouse
INV02299,notebook
INV03159,desktop
INV01441,clocks
INV06856,smartphone
INV07424,clocks
INV06566,headphone
INV04648,keyboard
INV08721,
INV02402,headphone
INV07100,clocks
INV06069,mouse
INV01666,smartphone
INV05463,notebook
INV01452,mouse
INV05873,smartphone
INV08872,keyboard
INV01699,keyboard
INV01048,mouse
INV09983,key_board
INV03608,clocks
INV08682,mouse
INV04190,mouse
INV02674,smartphone
INV02766,mouse
INV01195,desktop
INV05570,monitor
INV07616,mouse
INV09669,smartphone
INV04742,mouse
INV04948,monitor
INV01169,monitor
INV03715,headphone
INV03130,headphone
INV02148,smartphone
INV00059,notebook
INV07357,notebook
INV02351,mouse
INV09755,mouse
INV04385,tv
INV09682,keyboard
INV00171,keyboard
INV00932,keyboard
INV05304,clocks
INV08069,smartphone
INV01561,smartphone
INV03139,clocks
INV03061,headphone
INV05537,smartphone
INV00600,headphone
INV05349,keyboard
INV07160,clocks
INV05529,clocks
INV04676,notebook
INV00410,clocks
INV02006,notebook
INV05379,mouse
INV04557,mouse
INV00607,notebook
INV05629,monitor
INV07991,smartphone
INV05126,smartphone
INV02383,notebook
INV02481,mouse
INV08733,desktop
INV06997,smartphone
INV00008,desktop
INV01516,keyboard
INV07938,headphone
INV09803,keyboard
INV03041,clocks
INV01089,mouse
INV08494,monitor
INV02204,smartphone
INV05011,
INV00434,monitor
INV09317,clocks
INV02253,smartphone
INV06501,keyboard
INV08710,mouse
INV00432,keyboard
INV03422,notebook
INV05081,monitor
INV04560,notebook
INV08118,monitor
INV04993,keyboard
INV07825,notebook
INV08749,keyboard
INV01505,headphone
INV02564,smartphone
INV06192,smartphone
INV06894,notebook
INV05140,notebook
INV05411,keyboard
INV02357,notebook
INV01282,smartphone
INV01837,desktop
INV02008,desktop
INV01648,keyboard
INV07245,desktop
INV00241,keyboard
INV03522,monitor
INV08706,notebook
INV05868,notebook
INV02255,headphone
INV03600,smartphone
INV05468,desktop
INV02300,tv
INV01644,notebook
INV01774,clocks
INV09439,tv
INV02663,smartphone
INV06520,headphone
INV04848,smartphone
INV08263,notebook
INV06485,keyboard
INV08698,mouse
INV08396,keyboard
INV05427,smartphone
INV06605,monitor
INV00554,smartphone
INV08273,mouse
INV07190,keyboard
INV05896,keyboard
INV04368,headphone
INV00211,smartphone
INV07794,keyboard
INV07540,smartphone
INV07046,smartphone
INV07257,smartphone
INV01856,smartphone
INV04660,headphone
INV00657,mouse
INV06133,smartphone
INV01794,smartphone
INV05456,smartphone
INV01428,monitor
INV08256,printer
INV06778,keyboard
INV00046,headphone
INV00078,keyboard
INV01705,smartphone
INV06820,desktop
INV02469,smartphone
INV01873,mouse
INV06524,desktop
INV01352,smartphone
INV09875,mouse
INV08981,mause
INV09778,smartphone
INV07347,keyboard
INV01663,monitor
INV09258,clocks
INV01587,mouse
INV01269,mouse
INV09645,monitor
INV02365,tv
INV08481,smartphone
INV00724,headphone
INV01846,notebook
INV00858,smartphone
INV01988,smatphone
INV03742,mouse
INV03184,headphone
INV02612,keyboard
INV03944,desktop
INV06388,notebook
INV03856,clocks
INV03069,keyboard
INV01064,smartphone
INV01541,monitor
INV06259,keyboard
INV06436,headphone
INV09535,mouse
INV06952,keyboard
INV01813,mouse
INV06503,smartphone
INV04682,smartphone
INV03539,headphone
INV06141,smartphone
INV04436,desktop
INV06625,
INV03722,notebook
INV00777,smartphone
INV00561,headphone
INV06105,keyboard
INV09566,clocks
INV06956,smartphone
INV02416,keyboard
INV04717,smartphone
INV04185,keyboard
INV06660,keyboard
INV03682,smartphone
INV03467,notebook
INV08530,mouse
INV07783,keyboard
INV03502,keyboard
INV01467,mouse
INV02530,
INV05720,notebook
INV07979,mouse
INV04539,mouse
INV01871,mause
INV01854,mouse
INV07534,keyboard
INV05746,mouse
INV04613,mouse
INV04881,smartphone
INV02339,smartphone
INV02895,keyboard
INV04006,mouse
INV04726,smartphone
INV02961,clocks
INV05146,mouse
INV08110,notebook
INV00526,headphone
INV09885,tablet
INV01657,mouse
INV00529,key_board
INV04397,clocks
INV05360,headphone
INV01913,mouse
INV03977,smartphone
INV01361,keyboard
INV01869,mouse
INV01063,notebook
INV09228,keyboard
INV05044,smartphone
INV04939,mouse
INV00230,smartphone
INV01247,smartphone
INV03706,keyboard
INV05342,smartphone
INV02531,headphone
INV02569,headphone
INV00426,smartphone
INV01603,keyboard
INV06446,keyboard
INV06191,monitor
INV09331,headphone
INV06062,keyboard
INV06672,smartphone
INV05258,smartphone
INV06673,smartphone
INV08159,headphone
INV02685,keyboard
INV00222,mouse
INV08641,mouse
INV02536,clocks
INV05167,smartphone
INV03947,keyboard
INV08153,headphone
INV03681,smartphone
INV08836,clocks
INV03718,notebook
INV02640,monitor
INV02847,keyboard
INV07568,clocks
INV01110,headphone
INV09313,smartphone
INV00783,smartphone
INV08105,clocks
INV09585,keyboard
INV04488,smartphone
INV08026,clocks
INV03056,
INV09861,headphone
INV07874,desktop
INV00632,notebook
INV04638,smartphone
INV08096,mouse
INV08167,keyboard
INV00463,smartphone
INV06445,printer
INV00873,clocks
INV05245,headphone
INV08622,desktop
INV07827,desktop
INV04645,mouse
INV08550,headphone
INV01050,printer
INV06492,keyboard
INV09308,notebook
INV09330,mouse
INV03527,smartphone
INV04821,smartphone
INV06264,notebook
INV00016,mouse
INV07724,notebook
INV06202,monitor
INV09006,keyboard
INV07580,mouse
INV02716,notebook
INV05040,mouse
INV00700,mouse
INV06404,monitor
INV03172,mouse
INV07176,mouse
INV02355,headphone
INV00414,keyboard
INV06034,
INV07573,headphone
INV01520,notebook
INV01193,mouse
INV02175,notebook
INV03381,headphone
INV02290,keyboard
INV09102,keyboard
INV05228,desktop
INV08811,notebook
INV06701,headphone
INV07937,smartphone
INV05600,monitor
INV09044,headphone
INV06796,monitor
INV03649,smartphone
INV05593,desktop
INV00848,headphone
INV06967,desktop
INV04522,clocks
INV01576,notebook
INV07474,smartphone
INV01892,tv
INV02766,desktop
INV07589,clocks
INV03530,mouse
INV00658,smartphone
INV09568,headphone
INV03614,notebook
INV01171,smartphone
INV07299,keyboard
INV06685,keyboard
INV07994,notebook
INV05934,tablet
INV09706,notebook
INV08797,smartphone
INV04077,headphone
INV03239,mouse
INV08569,headphone
INV06434,smartphone
INV06952,monitor
INV05262,printer
INV01074,keyboard
INV03085,desktop
INV09658,smartphone
INV04044,keyboard
INV08113,smartphone
INV07171,clocks
INV05714,headphone
INV03867,notebook
INV00189,mouse
INV09488,tv
INV01355,smartphone
INV02560,keyboard
INV09177,notebook
INV04936,mouse
INV00371,smartphone
INV09095,headphone
INV09944,smartphone
INV03475,mouse
INV02908,keyboard
INV09487,smartphone
INV05453,clocks
INV09369,smartphone
INV03659,printer
INV04032,smartphone
INV04678,smartphone
INV02669,notebook
INV08811,notebook
INV03639,desktop
INV08223,headphone
INV03985,headphone
INV03637,headphone
INV02494,mouse
INV08585,smartphone
INV06460,keyboard
INV07858,desktop
INV05420,desktop
INV08509,smartphone
INV06529,notebook
INV03239,keyboard
INV09824,tablet
INV04106,mouse
INV06069,desktop
INV04286,mouse
INV00950,mouse
INV01271,tablet
INV01023,printer
INV01819,keyboard
INV02689,keyboard
INV09710,notebook
INV07391,desktop
INV00942,notebook
INV07285,printer
INV04912,smartphone
INV08213,mouse
INV02642,clocks
INV06266,smartphone
INV07078,notebook
INV07395,mouse
INV06859,monitor
INV09801,keyboard
INV06895,smartphone
INV04486,headphone
INV09682,mouse
INV04249,smartphone
INV04983,smartphone
INV02853,notebook
INV09785,smartphone
INV03038,printer
INV09178,smartphone
INV08816,headphone
INV03012,smartphone
INV01917,mouse
INV06486,notebook
INV06121,clocks
INV09284,notebook
INV01537,note_book
INV00910,keyboard
INV00646,notebook
INV09089,mouse
INV09965,keyboard
INV03332,keyboard
INV08462,mouse
INV01760,mouse
INV03685,mouse
INV01286,tv
INV08290,keyboard
INV03045,keyboard
INV08614,headphone
INV00057,keyboard
INV03626,headphone
INV09872,keyboard
INV06498,headphone
INV01210,headphone
INV00274,notebook
INV03411,keyboard
INV03505,notebook
INV02227,headphone
INV04424,headphone
INV09958,tv
INV03496,notebook
INV04035,tablet
INV09607,desktop
INV07824,headphone
INV07580,notebook
INV05108,desktop
INV07621,keyboard
INV03979,monitor
INV09873,keyboard
INV03955,
INV00080,mouse
INV04455,mause
INV08166,notebook
INV02257,notebook
INV05498,keyboard
INV06091,keyboard
INV02337,mouse
INV05510,notebook
INV02311,notebook
INV03033,monitor
INV01499,notebook
INV07245,monitor
INV06212,notebook
INV05697,mouse
INV07032,mouse
INV04150,notebook
INV08194,keyboard
INV06341,desktop
INV06510,desktop
INV05203,notebook
INV08510,headphone
INV03283,desktop
INV09831,notebook
INV02942,headphone
INV02798,mouse
INV06560,smartphone
INV09242,mouse
INV04294,mouse
INV09482,headphone
INV01603,mouse
INV03229,mouse
INV07832,headphone
INV09599,smartphone
INV03257,clocks
INV00177,clocks
INV04109,keyboard
INV06075,keyboard
INV03671,smartphone
INV02049,mouse
INV08024,smartphone
INV03558,keyboard
INV01531,notebook
INV02975,notebook
INV09593,smartphone
INV06575,headphone
INV05864,mouse
INV03594,note_book
INV03081,smartphone
INV09288,keyboard
INV05670,headphone
INV07126,mouse
INV03796,clocks
INV00722,monitor
INV03135,notebook
INV06936,headphone
INV05485,tablet
INV07442,smartphone
INV03120,smartphone
INV05192,headphone
INV01042,keyboard
INV04708,headphone
INV08251,smartphone
INV07527,clocks
INV05142,smartphone
INV06842,smartphone
INV09010,clocks
INV06170,smartphone
INV03840,mouse
INV00269,headphone
INV01538,keyboard
INV05132,notebook
INV03832,mouse
INV02707,key_board
INV09986,tablet
INV07565,smartphone
INV01030,monitor
INV09100,mouse
INV00801,desktop
INV07419,keyboard
INV00019,smartphone
INV02904,mouse
INV05662,note_book
INV04501,monitor
INV06371,mouse
INV08840,monitor
INV05985,notebook
INV05389,clocks
INV06558,notebook
INV04985,headphone
INV08133,notebook
INV01212,mouse
INV05760,mouse
INV02093,headphone
INV09584,notebook
INV00916,mouse
INV01942,clocks
INV07328,keyboard
INV04277,headphone
INV06282,keyboard
INV00459,notebook
INV02772,clocks
INV03971,desktop
INV01943,notebook
INV06966,mouse
INV05668,notebook
INV01622,mouse
INV07122,keyboard
INV07561,monitor
INV03605,headphone
INV08990,clocks
INV00854,smartphone
INV09756,headphone
INV04829,monitor
INV02520,keyboard
INV03253,smartphone
INV00300,headphone
INV05722,keyboard
INV00916,notebook
INV01718,monitor
INV06988,monitor
INV00763,tablet
INV04721,mouse
INV09867,mouse
INV02443,smartphone
INV06207,monitor
INV05182,desktop
INV07507,mause
INV03611,mouse
INV04392,desktop
INV04962,desktop
INV02321,notebook
INV01722,smartphone
INV08375,keyboard
INV00620,printer
INV08095,printer
INV01082,desktop
INV02824,headphone
INV05362,mouse
INV02200,mouse
INV00065,headphone
INV03270,keyboard
INV08388,keyboard
INV05297,smartphone
INV06653,notebook
INV01901,mouse
INV09874,notebook
INV03317,mouse
INV03611,keyboard
INV06144,headphone
INV09820,keyboard
INV06710,clocks
INV09333,headphone
INV05173,keyboard
INV03709,clocks
INV07920,
INV01143,headphone
INV05224,smartphone
INV01531,keyboard
INV03821,mouse
INV00414,mouse
INV06796,mouse
INV09870,desktop
INV07616,keyboard
INV08168,mouse
INV05825,desktop
INV03871,smatphone
INV08407,desktop
INV06739,notebook
INV07215,keyboard
INV08042,monitor
INV07787,keyboard
INV04859,keyboard
INV07647,clocks
INV08953,desktop
INV00212,notebook
INV03413,headphone
INV01907,smartphone
INV00731,printer
INV07404,monitor
INV08152,mouse
INV06722,headphone
INV08557,desktop
INV07083,monitor
INV07081,mouse
INV01683,smartphone
INV00671,notebook
INV04792,desktop
INV07577,mouse
INV00575,notebook
INV05181,headphone
INV09504,mouse
INV03154,keyboard
INV09185,notebook
INV06917,mouse
INV03203,desktop
INV02355,smartphone
INV00257,smartphone
INV03424,keyboard
INV08583,mouse
INV04871,mouse
INV03173,mouse
INV01982,
INV09098,headphone
INV05355,desktop
INV03150,clocks
INV02949,notebook
INV06846,headphone
INV07563,desktop
INV03769,desktop
INV08393,smartphone
INV05867,notebook
INV03592,smartphone
INV01787,headphone
INV02876,headphone
INV04167,desktop
INV04443,
INV04789,smartphone
INV02499,smartphone
INV02346,notebook
INV07016,headphone
INV06528,headphone
INV02718,clocks
INV02006,mause
INV01320,keyboard
INV04172,notebook
INV05937,monitor
INV01552,mouse
INV08946,notebook
INV02045,notebook
INV02721,headphone
INV05076,notebook
INV08202,notebook
INV06234,smartphone
INV03059,monitor
INV03131,tablet
INV08932,notebook
INV02605,keyboard
INV00108,notebook
INV06293,smartphone
INV03718,keyboard
INV02934,monitor
INV05851,headphone
INV00856,smartphone
INV04836,smartphone
INV01034,clocks
INV01290,key_board
INV01463,notebook
INV08686,smartphone
INV05108,mouse
INV03465,smartphone
INV07234,desktop
INV06960,smartphone
INV02930,clocks
INV05654,desktop
INV08986,smartphone
INV06278,mouse
INV03206,notebook
INV05364,mouse
INV07578,clocks
INV05700,tv
INV01848,smartphone
INV00440,headphone
INV05242,smartphone
INV07502,smartphone
INV06001,mouse
INV04058,monitor
INV01949,mouse
INV02368,keyboard
INV05039,mouse
INV03576,desktop
INV01659,headphone
INV01501,desktop
INV06755,notebook
INV01574,smartphone
INV00780,notebook
INV01495,mouse
INV04927,headphone
INV01588,notebook
INV09161,desktop
INV09786,mouse
INV07485,monitor
INV02042,monitor
INV01465,smartphone
INV03642,keyboard
INV09765,smartphone
INV05989,headphone
INV03042,mouse
INV05208,monitor
INV07856,mouse
INV06952,mouse
INV03098,keyboard
INV08283,clocks
INV07459,headphone
INV02458,notebook
INV09518,mouse
INV07358,mouse
INV09574,notebook
INV03259,notebook
INV07370,keyboard
INV03132,smartphone
INV09252,printer
INV02593,notebook
INV09173,keyboard
INV06631,
INV03983,monitor
INV04768,headphone
INV05020,headphone
INV05909,smartphone
INV09890,keyboard
INV09871,smartphone
INV01349,desktop
INV02260,clocks
INV02985,smartphone
INV01871,notebook
INV01393,desktop
INV05091,notebook
INV00715,desktop
INV02872,notebook
INV06885,smartphone
INV03607,keyboard
INV06707,mouse
INV07902,mouse
INV06535,tv
INV00789,monitor
INV00153,smartphone
INV03528,mouse
INV08967,keyboard
INV06457,smartphone
INV03487,keyboard
INV04929,clocks
INV07816,smartphone
INV07485,desktop
INV09207,headphone
INV06715,desktop
INV04153,mouse
INV07096,headphone
INV08758,desktop
INV03001,notebook
INV01500,notebook
INV06204,mouse
INV02437,clocks
INV01834,mouse
INV08849,notebook
INV06632,notebook
INV07169,note_book
INV00736,mouse
INV07609,mouse
INV07274,notebook
INV09723,notebook
INV03484,mouse
INV02202,clocks
INV06238,mouse
INV00598,mouse
INV02520,desktop
INV01199,mouse
INV01643,notebook
INV06212,keyboard
INV03646,desktop
INV05054,smartphone
INV02968,keyboard
INV07977,headphone
INV06873,mouse
INV05070,monitor
INV04516,desktop
INV03759,keyboard
INV04230,notebook
INV09639,keyboard
INV03712,notebook
INV07146,mouse
INV08017,desktop
INV04249,clocks
INV02912,headphone
INV03651,smartphone
INV02988,clocks
INV07104,headphone
INV04960,smartphone
INV09662,headphone
INV07475,notebook
INV07722,mouse
INV09151,mouse
INV07955,clocks
INV03300,mouse
INV06037,smartphone
INV04478,headphone
INV09488,clocks
INV01454,notebook
INV04358,keyboard
INV01768,smartphone
INV01707,monitor
INV02705,tv
INV01446,notebook
INV03175,mouse
INV04229,smartphone
INV05209,headphone
INV03728,smartphone
INV08533,mouse
INV08805,mouse
INV04929,smartphone
INV09855,headphone
INV09619,keyboard
INV09746,smartphone
INV00552,keyboard
INV05961,keyboard
INV03918,keyboard
INV01176,mouse
INV03445,notebook
INV03327,headphone
INV00524,printer
INV07876,clocks
INV09811,clocks
INV03462,monitor
INV01497,monitor
INV04719,mouse
INV05185,headphone
INV09420,notebook
INV04576,desktop
INV01530,clocks
INV00007,headphone
INV01415,mouse
INV07383,notebook
INV07808,mouse
INV02107,monitor
INV06642,headphone
INV08775,monitor
INV08338,headphone
INV04414,smartphone
INV01083,
INV02695,headphone
INV04656,desktop
INV05293,desktop
INV04204,notebook
INV02773,desktop
INV07236,smartphone
INV02332,keyboard
INV09716,monitor
INV01773,monitor
INV03813,smartphone
INV05288,mouse
INV01509,headphone
INV00313,notebook
INV08734,smartphone
INV06439,headphone
INV08469,mouse
INV04309,mouse
INV08982,notebook
INV09643,mouse
INV01712,mouse
INV05896,desktop
INV09999,keyboard
INV06443,mouse
INV00135,desktop
INV04895,keyboard
INV07889,mouse
INV00579,tablet
INV07609,keyboard
INV02403,headphone
INV00891,notebook
INV03258,smartphone
INV05303,notebook
INV09009,smartphone
INV00728,smartphone
INV09454,
INV03210,headphone
INV08897,smartphone
INV04297,mouse
INV01689,smartphone
INV06156,
INV04306,keyboard
INV03335,mouse
INV01865,mouse
INV01589,notebook
INV01288,clocks
INV05320,headphone
INV05730,clocks
INV08230,smartphone
INV08345,notebook
INV03299,monitor
INV01191,smartphone
INV09532,mouse
INV04384,headphone
INV01850,headphone
INV00528,monitor
INV07848,monitor
INV06703,smartphone
INV06426,monitor
INV06079,headphone
INV00027,monitor
INV04324,monitor
INV04592,desktop
INV02701,keyboard
INV00253,smartphone
INV08221,monitor
INV08510,smartphone
INV03220,smartphone
INV00495,desktop
INV02038,notebook
INV00555,smartphone
INV07290,clocks
INV03111,desktop
INV06665,mouse
INV03173,notebook
INV01867,mouse
INV05648,monitor
INV06786,desktop
INV00413,monitor
INV01206,notebook
INV00332,keyboard
INV03732,mouse
INV00771,headphone
INV06858,smartphone
INV08497,clocks
INV01774,headphone
INV03642,mouse
INV05179,keyboard
INV08219,clocks
INV02079,smartphone
INV05268,mouse
INV04272,
INV03963,keyboard
INV02587,mouse
INV07134,monitor
INV03133,desktop
INV00011,headphone
INV05491,desktop
INV00586,headphone
INV04758,mouse
INV07039,monitor
INV00640,headphone
INV07597,notebook
INV03537,smartphone
INV07315,mause
INV04119,desktop
INV01083,clocks
INV07241,smartphone
INV00644,notebook
INV01714,notebook
INV07893,notebook
INV06061,headphone
INV01884,notebook
INV08972,smartphone
INV03345,monitor
INV04953,mouse
INV07584,desktop
INV08512,smartphone
INV01683,headphone
INV02085,smartphone
INV00678,keyboard
INV01772,monitor
INV02450,mouse
INV02905,mouse
INV04352,mouse
INV02473,headphone
INV04198,notebook
INV02010,monitor
INV05347,notebook
INV07844,clocks
INV07595,monitor
INV01935,headphone
INV03403,desktop
INV09311,headphone
INV06649,headphone
INV05630,keyboard
INV07817,keyboard
INV00321,clocks
INV00311,mouse
INV07938,smartphone
INV01692,
INV09226,keyboard
INV06018,mouse
INV03873,mouse
INV06180,mouse
INV07347,mouse
INV09037,notebook
INV07050,notebook
INV03705,desktop
INV00133,smartphone
INV05846,notebook
INV06750,headphone
INV02262,headphone
INV02607,headphone
INV00072,keyboard
INV00343,notebook
INV06845,keyboard
INV06481,keyboard
INV05938,headphone
INV03960,headphone
INV08429,headphone
INV07662,headphone
INV06277,mouse
INV04811,smartphone
INV04239,clocks
INV05839,notebook
INV04017,smartphone
INV08675,notebook
INV06084,headphone
INV01711,smartphone
INV03847,monitor
INV06839,clocks
INV00370,headphone
INV06060,notebook
INV03196,smartphone
INV07935,keyboard
INV04591,notebook
INV06384,keyboard
INV05404,notebook
INV02963,clocks
INV01238,keyboard
INV01747,smartphone
INV08780,keyboard
INV03923,keyboard
INV01661,notebook
INV09236,smartphone
INV00073,notebook
INV01113,keyboard
INV01902,mouse
INV08815,headphone
INV05275,clocks
INV09160,notebook
INV02563,smartphone
INV08527,mouse
INV07417,smartphone
INV00681,clocks
INV00991,mouse
INV06004,notebook
INV00583,smartphone
INV00766,keyboard
INV05101,headphone
INV03876,note_book
INV04261,monitor
INV01277,smartphone
INV09046,mouse
INV09205,monitor
INV02809,keyboard
INV06559,monitor
INV07854,smartphone
INV06130,smartphone
INV09663,monitor
INV05569,monitor
INV00266,smartphone
INV02962,desktop
INV01481,desktop
INV04049,notebook
INV04453,smartphone
INV05517,smartphone
INV00271,smartphone
INV01653,smartphone
INV04918,smartphone
INV09023,smartphone
INV09396,mouse
INV04213,keyboard
INV09072,smartphone
INV01062,smartphone
INV06247,notebook
INV00322,headphone
INV00109,headphone
INV00698,notebook
INV09558,keyboard
INV02207,smartphone
INV08335,clocks
INV06338,mouse
INV02429,headphone
INV08143,clocks
INV04940,mouse
INV03841,keyboard
INV06086,smartphone
INV05202,keyboard
INV08023,headphone
INV03091,desktop
INV04108,clocks
INV02713,keyboard
INV09310,keyboard
INV02929,headphone
INV07223,keyboard
INV05719,notebook
INV07355,mouse
INV00957,mouse
INV00317,notebook
INV01936,desktop
INV04081,desktop
INV02191,keyboard
INV07519,smartphone
INV08187,mouse
INV04727,
INV02338,notebook
INV08940,headphone
INV09739,monitor
INV02448,smartphone
INV09373,keyboard
INV05459,monitor
INV05026,notebook
INV03550,headphone
INV05590,monitor
INV06707,notebook
INV07683,notebook
INV07192,keyboard
INV05414,headphone
INV00261,mouse
INV09513,mouse
INV03670,headphone
INV00301,mouse
INV03713,mouse
INV02133,mouse
INV01832,mouse
INV02130,headphone
INV03450,smartphone
INV04080,desktop
INV03974,keyboard
INV07933,clocks
INV05198,notebook
INV05965,notebook
INV02100,mouse
INV05134,keyboard
INV06806,notebook
INV04137,notebook
INV02343,headphone
INV01375,monitor
INV02526,mouse
INV07842,notebook
INV05672,keyboard
INV03450,headphone
INV02770,notebook
INV03826,headphone
INV01550,mouse
INV02965,smartphone
INV05373,headphone
INV04869,keyboard
INV01324,smartphone
INV04923,desktop
INV07931,headphone
INV00066,keyboard
INV07006,printer
INV07659,keyboard
INV02178,mouse
INV05723,smartphone
INV01204,headphone
INV02686,smartphone
INV07065,mause
INV04791,headphone
INV08727,notebook
INV08319,notebook
INV00611,notebook
INV05748,smartphone
INV05106,keyboard
INV09732,mouse
INV07751,mouse
INV03974,monitor
INV07242,smartphone
INV07691,headphone
INV04420,headphone
INV08937,mouse
INV04238,notebook
INV09370,clocks
INV00775,notebook
INV03396,desktop
INV09576,keyboard
INV09752,mouse
INV01747,clocks
INV09168,smartphone
INV02245,smartphone
INV05756,headphone
INV03459,smartphone
INV00509,mouse
INV05449,clocks
INV08517,headphone
INV04950,headphone
INV05211,smartphone
INV06104,headphone
INV04134,monitor
INV08228,smartphone
INV02548,mouse
INV09066,smartphone
INV04900,mouse
INV08577,desktop
INV01192,monitor
INV01423,notebook
INV05442,smartphone
INV06186,mouse
INV05036,tv
INV00698,keyboard
INV07223,desktop
INV05154,clocks
INV03877,notebook
INV00224,monitor
INV09274,mouse
INV07644,mouse
INV09196,mouse
INV00670,headphone
INV04669,
INV06917,monitor
INV09535,keyboard
INV07887,clocks
INV09275,clocks
INV03657,desktop
INV01302,mouse
INV01639,keyboard
INV08785,smartphone
INV01557,notebook
INV01375,desktop
INV00112,headphone
INV06862,mouse
INV08135,mause
INV01842,keyboard
INV04211,notebook
INV06997,headphone
INV00044,clocks
INV02993,headphone
INV03309,headphone
INV05666,notebook
INV01686,headphone
INV07780,desktop
INV05511,mouse
INV02523,desktop
INV04243,mouse
INV04292,mouse
INV01191,headphone
INV02973,mouse
INV07349,monitor
INV06743,keyboard
INV01748,tv
INV00695,notebook
INV06126,headphone
INV07150,desktop
INV05415,mouse
INV06528,smartphone
INV08599,headphone
INV08173,clocks
INV04410,smartphone
INV02082,notebook
INV05395,mouse
INV02847,mouse
INV07726,mouse
INV07941,mouse
INV00921,desktop
INV07411,notebook
INV03540,headphone
INV05535,notebook
INV00836,notebook
INV02237,headphone
INV03662,notebook
INV00657,monitor
INV03263,notebook
INV00527,notebook
INV09728,clocks
INV05412,printer
INV06253,monitor
INV01792,mouse
INV09285,desktop
INV06021,keyboard
INV00119,keyboard
INV05960,key_board
INV07438,headphone
INV04603,keyboard
INV00222,monitor
INV02566,desktop
INV06113,keyboard
INV01964,note_book
INV01546,headphone
INV09825,clocks
INV03320,headphone
INV02169,monitor
INV08336,headphone
INV09965,notebook
INV03458,notebook
INV02332,mouse
INV09187,clocks
INV05452,clocks
INV09730,monitor
INV06970,keyboard
INV02473,clocks
INV06860,monitor
INV09457,note_book
INV09546,desktop
INV02049,desktop
INV08520,desktop
INV07390,clocks
INV00676,headphone
INV02747,keyboard
INV05357,notebook
INV07560,tv
INV03980,monitor
INV03205,desktop
INV06051,
INV04458,keyboard
INV08869,keyboard
INV02453,tv
INV08360,headphone
INV09277,monitor
INV08834,notebook
INV04541,smartphone
INV02656,headphone
INV03030,mouse
INV08015,smartphone
INV03678,mouse
INV09563,notebook
INV09021,smartphone
INV00254,notebook
INV00311,notebook
INV00104,desktop
INV00816,notebook
INV04011,desktop
INV08189,notebook
INV04943,keyboard
INV06524,desktop
INV08468,notebook
INV02835,keyboard
INV01563,mouse
INV08648,notebook
INV06034,smartphone
INV02813,keyboard
INV05545,notebook
INV08476,smartphone
INV01206,notebook
INV05747,desktop
INV07746,headphone
INV00183,clocks
INV06536,smartphone
INV08377,notebook
INV01494,note_book
INV03624,clocks
INV01206,keyboard
INV05447,headphone
INV05555,desktop
INV07479,clocks
INV02966,headphone
INV05080,headphone
INV07342,mouse
INV03613,desktop
INV00917,desktop
INV04937,mouse
INV01377,mouse
INV08939,headphone
INV02756,keyboard
INV06439,smartphone
INV08714,keyboard
INV04767,keyboard
INV09211,desktop
INV05884,mouse
INV08565,headphone
INV06341,monitor
INV06625,mouse
INV01382,mouse
INV04125,mouse
INV01997,keyboard
INV00541,notebook
INV05025,keyboard
INV06309,monitor
INV04868,keyboard
INV09156,smatphone
INV04369,headphone
INV09175,mouse
INV00992,mouse
INV04865,clocks
INV08363,headphone
INV08104,monitor
INV08879,keyboard
INV07069,smartphone
INV03826,smartphone
INV06263,smartphone
INV07407,desktop
INV01449,desktop
INV05340,desktop
INV05723,clocks
INV04576,monitor
INV04892,smartphone
INV07741,notebook
INV05191,desktop
INV01516,mouse
INV06792,notebook
INV07642,notebook
INV09314,clocks
INV05361,keyboard
INV09675,tablet
INV02759,keyboard
INV04210,mouse
INV01552,notebook
INV03642,desktop
INV09606,notebook
INV07684,clocks
INV01535,headphone
INV05850,mouse
INV03492,notebook
INV02942,clocks
INV03051,keyboard
INV04998,monitor
INV02760,notebook
INV09540,notebook
INV03216,clocks
INV03488,smartphone
INV06074,notebook
INV00452,mouse
INV02969,headphone
INV02658,mouse
INV05102,mouse
INV05444,smartphone
INV00751,smartphone
INV01604,mouse
INV09940,keyboard
INV06456,tv
INV03987,headphone
INV09258,smartphone
INV03692,desktop
INV02068,monitor
INV09063,keyboard
INV02870,keyboard
INV07365,key_board
INV05564,smartphone
INV05546,mouse
INV06115,smartphone
INV05836,monitor
INV02512,keyboard
INV01187,smartphone
INV02969,smartphone
INV02951,notebook
INV07957,clocks
INV08826,desktop
INV00249,key_board
INV06793,smartphone
INV00225,notebook
INV09443,keyboard
INV01710,smartphone
INV08435,smartphone
INV09985,clocks
INV08588,mouse
INV09685,smartphone
INV00585,keyboard
INV04750,headphone
INV07679,tablet
INV07215,desktop
INV00483,desktop
INV06757,notebook
INV06637,desktop
INV08989,mause
INV05054,headphone
INV00617,notebook
INV03913,smartphone
INV05372,desktop
INV02070,notebook
INV07512,desktop
INV05221,smartphone
INV09663,mouse
INV05680,smartphone
INV07906,smartphone
INV01939,headphone
INV07689,desktop
INV02433,headphone
INV04612,clocks
INV07200,mouse
INV09696,keyboard
INV08637,notebook
INV00806,notebook
INV08195,clocks
INV07047,mouse
INV02586,smartphone
INV02191,monitor
INV08222,smartphone
INV08649,clocks
INV01032,mouse
INV06610,clocks
INV07774,headphone
INV03903,tv
INV03602,headphone
INV08378,printer
INV08870,notebook
INV06443,monitor
INV00897,tablet
INV03785,smartphone
INV09898,printer
INV02688,notebook
INV09824,notebook
INV02268,mouse
INV02931,notebook
INV08496,mouse
INV02713,monitor
INV05340,monitor
INV05173,keyboard
INV06248,headphone
INV02308,monitor
INV05598,desktop
INV01302,keyboard
INV05184,headphone
INV00709,smartphone
INV04557,keyboard
INV05870,headphone
INV05166,mouse
INV09230,keyboard
INV01832,monitor
INV06563,smartphone
INV05110,tablet
INV03499,notebook
INV03628,headphone
INV06187,monitor
INV06665,keyboard
INV02086,smartphone
INV08433,tv
INV08201,headphone
INV03673,notebook
INV01469,keyboard
INV06367,clocks
INV00378,smartphone
INV08629,headphone
INV03653,keyboard
INV01300,mouse
INV07462,keyboard
INV07284,monitor
INV05892,keyboard
INV02592,clocks
INV02233,smartphone
INV01453,smartphone
INV06055,notebook
INV01624,keyboard
INV00406,notebook
INV08047,keyboard
INV06337,notebook
INV05306,clocks
INV04171,keyboard
INV06345,headphone
INV08374,desktop
INV08813,clocks
INV03211,tv
INV06565,printer
INV09873,desktop
INV04280,mouse
INV03505,keyboard
INV09483,mouse
INV03379,headphone
INV04460,keyboard
INV06322,headphone
INV08995,mouse
INV04289,mouse
INV01763,monitor
INV00466,notebook
INV02414,mouse
INV06123,tablet
INV09049,headphone
INV08980,desktop
INV05149,headphone
INV00925,smartphone
INV00180,smartphone
INV08943,keyboard
INV02124,notebook
INV09104,notebook
INV07613,monitor
INV02306,notebook
INV05888,smartphone
INV04841,notebook
INV07689,monitor
INV03340,monitor
INV00936,keyboard
INV01808,mouse
INV05375,notebook
INV02654,headphone
INV08426,smartphone
INV04121,mouse
INV01126,smartphone
INV09956,keyboard
INV03087,smartphone
INV08456,clocks
INV01212,notebook
INV02711,clocks
INV02747,notebook
INV05487,smartphone
INV04081,mouse
INV01825,monitor
INV05739,notebook
INV09375,mouse
INV07492,smartphone
INV04459,headphone
INV05288,monitor
INV09753,keyboard
INV02890,smartphone
INV07273,desktop
INV05800,smartphone
INV08141,keyboard
INV05780,notebook
INV01396,mouse
INV02519,keyboard
INV06601,mouse
INV00309,smartphone
INV06197,headphone
INV01909,smartphone
INV03202,headphone
INV04421,mouse
INV06876,headphone
INV00347,monitor
INV06176,notebook
INV03734,headphone
INV08559,mouse
INV08247,headphone
INV03218,mouse
INV04614,smartphone
INV00445,smartphone
INV09563,keyboard
INV06143,headphone
INV06264,mouse
INV01655,mouse
INV08357,notebook
INV01131,headphone
INV01477,clocks
INV07265,mouse
INV06744,monitor
INV02428,mouse
INV06835,notebook
INV09685,headphone
INV09567,keyboard
INV06779,clocks
INV01265,mouse
INV07202,smartphone
INV03774,keyboard
INV05595,headphone
INV05875,smartphone
INV00283,
INV04645,desktop
INV09687,mouse
INV03551,mouse
INV07895,smartphone
INV08252,mouse
INV00197,mouse
INV06039,mouse
INV02243,headphone
INV01673,smartphone
INV03782,keyboard
INV04710,smartphone
INV07295,smartphone
INV08436,smartphone
INV01351,keyboard
INV01133,monitor
INV01383,mouse
INV06664,mouse
INV01497,desktop
INV04125,notebook
INV04083,smartphone
INV07863,headphone
INV06038,mouse
INV04278,mouse
INV04651,mouse
INV03058,clocks
INV09884,notebook
INV05516,mause
INV07970,smartphone
INV09805,mouse
INV08068,mouse
INV07141,mouse
INV06184,keyboard
INV08396,desktop
INV07450,monitor
INV07773,mouse
INV08609,desktop
INV00825,clocks
INV04165,mouse
INV07508,mouse
INV03841,desktop
INV08831,keyboard
INV02014,notebook
INV00461,clocks
INV05817,keyboard
INV09812,mouse
INV06621,mouse
INV08123,clocks
INV07960,smartphone
INV04590,keyboard
INV08537,keyboard
INV00435,keyboard
INV07107,notebook
INV04294,desktop
INV01853,smartphone
INV02901,smartphone
INV07293,monitor
INV00909,mouse
INV05954,smartphone
INV04992,keyboard
INV01816,notebook
INV01840,tv
INV02841,smartphone
INV03692,monitor
INV08041,
INV02015,clocks
INV01920,notebook
INV07853,smartphone
INV00191,clocks
INV02486,mouse
INV01566,notebook
INV06522,tablet
INV08213,keyboard
INV05123,tablet
INV05432,headphone
INV01853,clocks
INV01053,desktop
INV05104,mouse
INV07077,tv
INV03121,keyboard
INV08827,keyboard
INV05429,monitor
INV08889,mouse
INV04124,smartphone
INV05307,clocks
INV03944,keyboard
INV09754,mouse
INV03226,clocks
INV02253,headphone
INV01045,mouse
INV00395,notebook
INV06297,keyboard
INV00047,clocks
INV00543,headphone
INV04677,
INV01739,tablet
INV08488,notebook
INV02043,headphone
INV02661,notebook
INV04509,mouse
INV02514,headphone
INV00960,keyboard
INV09286,notebook
INV03485,headphone
INV08660,mouse
INV09338,monitor
INV04533,notebook
INV06017,clocks
INV06656,headphone
INV03900,desktop
INV07535,clocks
INV05423,keyboard
INV01461,headphone
INV09797,notebook
INV04315,notebook
INV03646,monitor
INV06948,desktop
INV05336,mouse
INV03525,
INV00147,desktop
INV02681,desktop
INV07329,smartphone
INV06331,headphone
INV04916,smartphone
INV06073,headphone
INV05010,mouse
INV07757,mouse
INV05906,keyboard
INV01117,mouse
INV05969,notebook
INV06267,keyboard
INV00104,monitor
INV00067,smartphone
INV01964,mouse
INV03391,notebook
INV04039,mouse
INV06613,smartphone
INV04367,keyboard
INV05850,keyboard
INV02346,mouse
INV01326,notebook
INV00128,headphone
INV08312,keyboard
INV07477,mouse
INV08696,desktop
INV08943,desktop
INV01249,clocks
INV07401,notebook
INV00554,headphone
INV06585,keyboard
INV00601,monitor
INV09287,desktop
INV01283,mouse
INV09319,smartphone
INV07143,desktop
INV09394,notebook
INV04728,keyboard
INV02220,desktop
INV01630,clocks
INV09875,keyboard
INV05724,mouse
INV01858,monitor
INV02589,mouse
INV07789,desktop
INV00874,tablet
INV02064,headphone
INV04700,keyboard
INV04140,mouse
INV04781,keyboard
INV00651,headphone
INV02633,mouse
INV05895,headphone
INV09262,monitor
INV03233,clocks
INV01169,desktop
INV05732,notebook
INV01693,headphone
INV04978,keyboard
INV07940,tablet
INV08429,headphone
INV01664,tablet
INV06649,smartphone
INV08912,mouse
INV04755,keyboard
INV01946,clocks
INV05645,mouse
INV02994,notebook
INV02868,
INV05681,headphone
INV09239,headphone
INV09805,desktop
INV03476,tv
INV02823,headphone
INV05957,keyboard
INV04185,tablet
INV00284,desktop
INV07296,mouse
INV00383,keyboard
INV01671,smartphone
INV00442,tv
INV01964,keyboard
INV06203,desktop
INV09019,smartphone
INV09735,smartphone
INV08589,monitor
INV01434,smartphone
INV03329,smartphone
INV03779,notebook
INV06898,monitor
INV09796,clocks
INV09389,notebook
INV00542,keyboard
INV06662,smartphone
INV04563,desktop
INV07708,smartphone
INV08640,headphone
INV03371,notebook
INV09305,smartphone
INV07696,clocks
INV07750,clocks
INV06079,smartphone
INV02529,headphone
INV01007,
INV08342,smartphone
INV07386,smartphone
INV01931,keyboard
INV05707,notebook
INV00047,smartphone
INV03593,smartphone
INV04625,mouse
INV00914,mouse
INV08226,smartphone
INV09741,smartphone
INV00539,mouse
INV01186,keyboard
INV07519,clocks
INV03109,monitor
INV00473,mouse
INV07912,clocks
INV08233,smartphone
INV09810,smartphone
INV04406,clocks
INV09699,notebook
INV08091,smartphone
INV05676,smartphone
INV06556,headphone
INV08471,headphone
INV04158,smartphone
INV08114,monitor
INV05789,mouse
INV07227,headphone
INV01740,mouse
INV06723,smartphone
INV09793,smartphone
INV07271,mouse
INV00797,clocks
INV02848,notebook
INV05214,headphone
INV06327,mouse
INV05579,keyboard
INV02594,notebook
INV07298,smartphone
INV08794,smartphone
INV05283,smartphone
INV07152,mouse
INV06047,smartphone
INV03388,headphone
INV00870,smartphone
INV00699,keyboard
INV00901,notebook
INV07666,headphone
INV08556,smartphone
INV08926,clocks
INV03969,clocks
INV01909,clocks
INV07963,headphone
INV09585,desktop
INV07299,mouse
INV06193,keyboard
INV01135,desktop
INV04453,headphone
INV05609,smartphone
INV05708,notebook
INV04175,smartphone
INV08055,mouse
INV06102,notebook
INV06139,mouse
INV00495,mouse
INV01738,smartphone
INV01006,keyboard
INV02557,headphone
INV05882,monitor
INV08139,mouse
INV01600,mouse
INV05951,smartphone
INV05151,headphone
INV09432,keyboard
INV04075,headphone
INV05428,keyboard
INV06026,mause
INV03933,smartphone
INV01975,keyboard
INV00756,keyboard
INV02538,smartphone
INV09058,headphone
INV00541,notebook
INV05266,clocks
INV03801,headphone
INV09192,smartphone
INV06766,tv
INV02251,desktop
INV06198,
INV07067,headphone
INV09194,headphone
INV01954,notebook
INV07843,headphone
INV08061,smartphone
INV07510,smartphone
INV07030,mouse
INV06712,headphone
INV03244,headphone
INV02345,mouse
INV07461,headphone
INV04790,keyboard
INV04132,notebook
INV05472,mouse
INV03253,headphone
INV06802,clocks
INV00122,notebook
INV05281,smartphone
INV01775,notebook
INV07017,mouse
INV02083,notebook
INV01310,smartphone
INV01850,smartphone
INV00969,notebook
INV02344,headphone
INV07089,smartphone
INV04145,keyboard
INV08170,keyboard
INV08789,
INV00768,smartphone
INV07051,monitor
INV01211,desktop
INV04831,clocks
INV09260,notebook
INV02743,notebook
INV01443,keyboard
INV08680,keyboard
INV07705,notebook
INV06175,mouse
INV03372,headphone
INV09055,notebook
INV03195,clocks
INV03447,headphone
INV06720,headphone
INV03989,headphone
INV07225,keyboard
INV09555,mouse
INV07924,headphone
INV00072,mouse
INV06756,keyboard
INV07466,
INV07749,keyboard
INV01286,notebook
INV05309,notebook
INV07822,keyboard
INV05568,tablet
INV09892,desktop
INV09862,desktop
INV05811,headphone
INV06389,headphone
INV06393,desktop
INV03484,notebook
INV08738,monitor
INV06365,clocks
INV06408,printer
INV02091,notebook
INV07592,headphone
INV08216,desktop
INV09044,smartphone
INV05271,smartphone
INV04667,clocks
INV08765,keyboard
INV02575,mouse
INV00479,headphone
INV02471,notebook
INV05816,headphone
INV06946,smartphone
INV09440,notebook
INV00475,smartphone
INV06001,desktop
INV02987,notebook
INV03238,notebook
INV02116,smartphone
INV08070,notebook
INV05726,mouse
INV04060,notebook
INV04232,monitor
INV04050,notebook
INV04597,keyboard
INV03123,keyboard
INV03548,keyboard
INV06901,keyboard
INV01156,headphone
INV08862,mouse
INV02831,notebook
INV05406,desktop
INV06262,monitor
INV07780,keyboard
INV07047,keyboard
INV09668,notebook
INV05274,notebook
INV02616,smartphone
INV07964,mouse
INV00231,headphone
INV05845,mouse
INV06706,desktop
INV00074,keyboard
INV07804,smartphone
INV09363,desktop
INV07747,mouse
INV05732,keyboard
INV07471,smartphone
INV03036,monitor
INV04795,keyboard
INV00151,monitor
INV04138,monitor
INV09312,smartphone
INV00223,mouse
INV08582,clocks
INV08818,
INV03492,mouse
INV04273,keyboard
INV00214,notebook
INV04813,notebook
INV06009,monitor
INV00451,monitor
INV00057,mouse
INV02020,headphone
INV09355,smartphone
INV01483,headphone
INV04601,smartphone
INV09711,keyboard
INV07973,clocks
INV02687,desktop
INV05295,keyboard
INV03764,monitor
INV09709,mouse
INV00242,clocks
INV08994,notebook
INV05639,monitor
INV05988,mouse
INV05258,clocks
INV08399,clocks
INV05152,keyboard
INV09259,monitor
INV03332,notebook
INV01013,headphone
INV04894,monitor
INV00608,desktop
INV08561,monitor
INV01238,desktop
INV06078,smartphone
INV08725,smartphone
INV07075,tv
INV02350,keyboard
INV01228,desktop
INV04086,keyboard
INV04141,mouse
INV08918,notebook
INV01047,mouse
INV08208,notebook
INV04234,smartphone
INV03533,clocks
INV07173,desktop
INV02713,desktop
INV05651,mouse
INV06465,mouse
INV00301,keyboard
INV01025,keyboard
INV06395,clocks
INV03558,desktop
INV07329,clocks
INV00954,mause
INV09737,keyboard
INV03753,desktop
INV03325,mouse
INV02048,keyboard
INV09267,headphone
INV05397,headphone
INV07792,monitor
INV07201,key_board
INV06873,monitor
INV01052,monitor
INV08010,keyboard
INV05051,headphone
INV05741,notebook
INV05194,clocks
INV02739,tablet
INV06081,mouse
INV01638,clocks
INV04201,headphone
INV09345,clocks
INV09813,notebook
INV08229,headphone
INV04287,headphone
INV08873,notebook
INV06616,smatphone
INV06915,mouse
INV03514,monitor
INV00961,clocks
INV04707,keyboard
INV01869,notebook
INV07771,smartphone
INV02746,desktop
INV01066,headphone
INV03724,notebook
INV06815,smartphone
INV08633,smartphone
INV05900,headphone
INV09022,smartphone
INV00705,headphone
INV01825,keyboard
INV00292,note_book
INV08890,mouse
INV04662,headphone
INV08266,keyboard
INV04768,smartphone
INV03397,headphone
INV02484,clocks
INV03126,keyboard
INV03394,monitor
INV01021,smartphone
INV00406,mouse
INV06088,monitor
INV03307,
INV07773,desktop
INV04645,monitor
INV04239,smartphone
INV08527,desktop
INV01194,notebook
INV02076,notebook
INV04992,desktop
INV07887,clocks
INV05188,headphone
INV04216,mouse
INV00320,smartphone
INV03782,desktop
INV08831,mouse
INV08947,monitor
INV04765,notebook
INV00738,desktop
INV04619,desktop
INV02414,notebook
INV01154,notebook
INV04483,monitor
INV00826,mouse
INV00608,keyboard
INV00149,desktop
INV08951,desktop
INV05749,smartphone
INV00303,notebook
INV05820,smartphone
INV02590,keyboard
INV07912,clocks
INV05897,notebook
INV06652,clocks
INV06272,headphone
INV03528,desktop
INV02332,notebook
INV05948,headphone
INV06573,headphone
INV08027,desktop
INV07039,
INV09543,smartphone
INV00115,headphone
INV04592,keyboard
INV02661,mouse
INV09186,mouse
INV08234,headphone
INV09831,keyboard
INV02197,headphone
INV04552,printer
INV09689,smartphone
INV01926,mouse
INV01113,desktop
INV04156,smartphone
INV00037,headphone
INV04909,mouse
INV05963,clocks
INV02276,smartphone
INV09207,smartphone
INV06391,monitor
INV06879,mouse
INV04130,smartphone
INV05367,
INV06059,notebook
INV08126,
INV09007,headphone
INV08943,monitor
INV06639,smartphone
INV07254,keyboard
INV02330,mouse
INV04148,headphone
INV02454,keyboard
INV08740,tablet
INV03236,keyboard
INV09543,headphone
INV08040,keyboard
INV00949,tablet
INV09545,printer
INV05535,mouse
INV06869,monitor
INV09629,smartphone
INV05605,notebook
INV08744,notebook
INV06019,keyboard
INV08198,smartphone
INV08108,desktop
INV07352,clocks
INV01518,monitor
INV01842,mouse
INV07652,keyboard
INV09416,smartphone
INV00284,mouse
INV06823,headphone
INV09773,desktop
INV00428,mouse
INV04857,smartphone
INV01137,desktop
INV05358,smartphone
INV00923,notebook
INV03375,keyboard
INV09513,notebook
INV02606,keyboard
INV08313,smartphone
INV02815,keyboard
INV03009,mouse
INV01535,clocks
INV06088,keyboard
INV02784,desktop
INV01696,clocks
INV01448,headphone
INV00980,mouse
INV06710,headphone
INV00278,smatphone
INV07282,notebook
INV05702,
INV06750,smartphone
INV07186,notebook
INV03948,smartphone
INV05033,monitor
INV03201,notebook
INV07636,tv
INV09481,keyboard
INV01765,smartphone
INV03418,clocks
INV06685,mouse
INV05745,keyboard
INV08100,clocks
INV08619,headphone
INV09775,notebook
INV01094,headphone
INV05275,smartphone
INV00790,smartphone
INV02023,notebook
INV05431,smartphone
INV00123,clocks
INV08639,desktop
INV06153,mouse
INV00888,headphone
INV02219,headphone
INV00718,notebook
INV05567,keyboard
INV08964,mouse
INV03219,keyboard
INV00827,desktop
INV04936,notebook
INV07710,keyboard
INV08757,clocks
INV07303,mouse
INV03016,smartphone
INV06486,mouse
INV03415,smartphone
INV09455,desktop
INV08338,smartphone
INV09199,keyboard
INV05785,mouse
INV04878,monitor
INV05005,desktop
INV06164,keyboard
INV00017,mouse
INV05890,
INV02036,notebook
INV00663,notebook
INV07452,clocks
INV09078,keyboard
INV05512,mouse
INV02351,notebook
INV09437,keyboard
INV00601,desktop
INV09816,monitor
INV07907,mouse
INV06447,keyboard
INV06237,tv
INV00368,mouse
INV09972,desktop
INV03666,smartphone
INV02889,headphone
INV02729,smartphone
INV04736,printer
INV01547,clocks
INV08694,mouse
INV06368,notebook
INV01801,notebook
INV06385,smatphone
INV08597,desktop
INV09915,smartphone
INV07277,notebook
INV06029,smartphone
INV04360,smartphone
INV06898,mouse
INV02649,monitor
INV07586,headphone
INV05685,mouse
INV07161,clocks
INV00694,smartphone
INV04380,desktop
INV00426,clocks
INV03990,monitor
INV05358,clocks
INV01468,tv
INV08317,headphone
INV07556,headphone
INV03077,mouse
INV08334,headphone
INV01857,clocks
INV02775,keyboard
INV02302,smartphone
INV03200,keyboard
INV02895,monitor
INV00790,headphone
INV04067,desktop
INV04628,mouse
INV08958,clocks
INV05983,tablet
INV01590,monitor
INV03762,mouse
INV01132,smartphone
INV02472,headphone
INV01707,desktop
INV07459,clocks
INV07272,smartphone
INV03419,mouse
INV01987,headphone
INV00638,mouse
INV03786,desktop
INV05878,smartphone
INV05696,keyboard
INV08200,headphone
INV06613,clocks
INV00250,mouse
INV02057,headphone
INV04836,clocks
INV09009,clocks
INV09921,headphone
INV07074,clocks
INV05439,smartphone
INV03838,notebook
INV08531,mouse
INV02665,desktop
INV05711,mouse
INV04415,mouse
INV00112,smartphone
INV05951,headphone
INV06908,monitor
INV07360,desktop
INV03420,keyboard
INV06594,smartphone
INV09004,keyboard
INV00090,keyboard
INV07196,notebook
INV03771,keyboard
INV04664,keyboard
INV04866,mouse
INV04290,keyboard
INV05516,desktop
INV01384,printer
INV03514,keyboard
INV07191,mouse
INV06122,smatphone
INV04860,clocks
INV03238,keyboard
INV09349,desktop
INV08534,notebook
INV04769,headphone
INV00343,mouse
INV04408,desktop
INV03933,clocks
INV02141,clocks
INV01761,notebook
INV07912,smatphone
INV00024,keyboard
INV08806,mouse
INV01328,monitor
INV07225,notebook
INV09624,keyboard
INV02647,notebook
INV02680,monitor
INV09983,key_board
INV00282,mouse
INV05594,desktop
INV02115,smartphone
INV05911,headphone
INV05557,keyboard
INV03089,desktop
INV06610,smatphone
INV02343,smartphone
INV08262,mouse
INV09087,mouse
INV03203,mouse
INV00215,keyboard
INV02860,smartphone
INV02958,smartphone
INV02751,notebook
INV02990,keyboard
INV06280,keyboard
INV09466,mouse
INV08186,desktop
INV08588,notebook
INV01232,monitor
INV09947,notebook
INV05527,monitor
INV05613,monitor
INV01957,printer
INV00166,smartphone
INV00539,notebook
INV00497,smartphone
INV08771,desktop
INV09709,notebook
INV05320,smartphone
INV05124,mouse
INV09763,mouse
INV00747,smartphone
INV06194,keyboard
INV02087,headphone
INV07123,clocks
INV08491,clocks
INV08751,keyboard
INV00621,desktop
INV05226,smartphone
INV06223,mouse
INV05795,smartphone
INV06751,notebook
INV04461,keyboard
INV08398,keyboard
INV07668,clocks
INV03507,notebook
INV06157,smartphone
INV01938,desktop
INV09456,note_book
INV04259,mouse
INV09828,mouse
INV03525,notebook
INV05425,notebook
INV00880,mouse
INV05068,tablet
INV01389,smartphone
INV03469,smartphone
INV02909,keyboard
INV06548,keyboard
INV07103,notebook
INV03437,notebook
INV00737,smartphone
INV08655,smartphone
INV05523,notebook
INV01845,clocks
INV02913,monitor
INV02746,keyboard
INV00570,headphone
INV03364,headphone
INV09780,keyboard
INV01635,headphone
INV08671,smartphone
INV03148,smartphone
INV06953,mouse
INV07772,mouse
INV06854,notebook
INV03401,smartphone
INV01642,tablet
INV03935,mause
INV09280,mouse
INV00924,desktop
INV01175,notebook
INV07108,keyboard
INV04749,smartphone
INV02234,smatphone
INV06159,desktop
INV08707,printer
INV03492,keyboard
INV03580,smartphone
INV09335,notebook
INV05391,smartphone
INV01992,desktop
INV03869,smartphone
INV01004,
INV01038,notebook
INV04569,headphone
INV05227,desktop
INV00969,keyboard
INV01409,mouse
INV05114,mouse
INV03352,notebook
INV01056,headphone
INV04631,headphone
INV04657,headphone
INV06338,notebook
INV09894,headphone
INV02836,clocks
INV07675,notebook
INV00108,mouse
INV04584,monitor
INV04653,keyboard
INV00725,clocks
INV07130,keyboard
INV01527,smartphone
INV06337,mouse
INV08056,clocks
INV00920,keyboard
INV02000,smatphone
INV07141,desktop
INV08445,mouse
INV02521,mouse
INV04718,smartphone
INV00399,clocks
INV01382,monitor
INV00918,notebook
INV01225,keyboard
INV04637,mouse
INV00626,printer
INV05720,keyboard
INV05249,mouse
INV07812,smartphone
INV07213,headphone
INV08509,headphone
INV04877,notebook
INV09435,smartphone
INV02913,mouse
INV02119,notebook
INV07787,mouse
INV08715,notebook
INV02677,headphone
INV06872,headphone
INV00173,smartphone
INV08111,smartphone
INV07281,keyboard
INV09550,clocks
INV07431,desktop
INV09198,headphone
INV04184,keyboard
INV05254,desktop
INV08497,smartphone
INV05079,mouse
INV06836,mouse
INV04297,notebook
INV00956,smartphone
INV04058,mouse
INV01234,monitor
INV07814,smartphone
INV05258,headphone
INV05962,keyboard
INV07627,monitor
INV07042,desktop
INV06720,clocks
INV07013,clocks
INV03672,smartphone
INV09610,mouse
INV09326,smartphone
INV01330,headphone
INV03945,keyboard
INV01706,notebook
INV09913,headphone
INV05843,notebook
INV06283,headphone
INV04506,headphone
INV05261,notebook
INV05752,keyboard
INV08059,keyboard
INV09623,monitor
INV00429,tv
INV04969,printer
INV02309,keyboard
INV08967,monitor
INV06808,monitor
INV07723,headphone
INV05171,mouse
INV01632,mouse
INV03164,desktop
INV04105,keyboard
INV07352,headphone
INV04894,keyboard
INV01552,notebook
INV07592,smartphone
INV09760,smartphone
INV08382,clocks
INV06479,mouse
INV05469,notebook
INV01855,mouse
INV01250,headphone
INV01460,mouse
INV03129,headphone
INV08737,keyboard
INV03944,mouse
INV02978,mouse
INV00288,clocks
INV07375,mause
INV06476,monitor
INV00035,clocks
INV03453,notebook
INV09343,smartphone
INV06782,smartphone
INV03223,mouse
INV09856,clocks
INV03622,headphone
INV05232,notebook
INV02065,headphone
INV03091,mouse
INV08957,printer
INV05168,mouse
INV09838,tablet
INV00187,mouse
INV04938,smatphone
INV07212,mouse
INV03838,keyboard
INV01610,notebook
INV00033,printer
INV04545,monitor
INV04202,keyboard
INV02970,notebook
INV03250,monitor
INV03365,smartphone
INV08883,clocks
INV04525,notebook
INV06435,monitor
INV00666,headphone
INV08134,notebook
INV02278,keyboard
INV05450,clocks
INV09452,keyboard
INV02655,desktop
INV06878,smartphone
INV04821,smartphone
INV05985,keyboard
INV09909,keyboard
INV08783,clocks
INV05558,monitor
INV09084,mouse
INV00119,notebook
INV02792,keyboard
INV05413,notebook
INV03315,desktop
INV00664,smartphone
INV00362,notebook
INV00144,desktop
INV01326,keyboard
INV03661,smartphone
INV02637,notebook
INV01232,mouse
INV07340,mouse
INV02809,desktop
INV06103,note_book
INV07916,keyboard
INV06197,mouse
INV00597,desktop
INV05658,smartphone
INV07681,smartphone
INV08562,tablet
INV07820,monitor
INV02925,desktop
INV05913,smartphone
INV06419,notebook
INV03435,clocks
INV00498,mouse
INV00043,keyboard
INV06235,headphone
INV02395,headphone
INV07085,mouse
INV09471,smartphone
INV04218,mouse
INV09145,clocks
INV08050,monitor
INV01197,headphone
INV00116,headphone
INV00873,smartphone
INV01719,monitor
INV05052,keyboard
INV00784,monitor
INV05091,keyboard
INV02397,
INV02211,printer
INV08721,keyboard
INV08347,notebook
INV06689,mouse
INV04395,keyboard
INV01479,headphone
INV09680,tv
INV04007,monitor
INV02315,mouse
INV00431,printer
INV04257,clocks
INV07601,
INV08848,headphone
INV05142,headphone
INV04532,keyboard
INV03462,desktop
INV06746,smartphone
INV07916,monitor
INV01289,notebook
INV06840,smartphone
INV07913,desktop
INV00338,keyboard
INV02328,headphone
INV07919,notebook
INV08724,keyboard
INV05091,
INV05342,headphone
INV06408,headphone
INV04785,mouse
INV00898,smartphone
INV08500,desktop
INV01120,monitor
INV07384,mouse
INV07167,monitor
INV08536,smartphone
INV08964,notebook
INV00996,notebook
INV02762,monitor
INV09959,notebook
INV01148,smartphone
INV07608,notebook
INV02823,smartphone
INV00504,tv
INV07118,clocks
INV06471,smartphone
INV07304,keyboard
INV09404,smartphone
INV03068,smartphone
INV06321,headphone
INV00259,clocks
INV08278,headphone
INV01662,monitor
INV01709,clocks
INV04757,headphone
INV09578,smartphone
INV06488,smartphone
INV08991,notebook
INV00752,keyboard
INV00298,mouse
INV04425,monitor
INV00575,mouse
INV00569,notebook
INV02177,notebook
INV09722,keyboard
INV02074,smartphone
INV09316,keyboard
INV07990,mouse
INV04705,keyboard
INV07137,smartphone
INV06647,notebook
INV02764,headphone
INV05430,headphone
INV09083,keyboard
INV09541,mouse
INV03421,keyboard
INV08399,smartphone
INV06624,headphone
INV06037,clocks
INV04503,keyboard
INV00359,keyboard
INV03123,mouse
INV08521,smartphone
INV00523,smartphone
INV07898,notebook
INV07404,keyboard
INV06269,smartphone
INV06442,smartphone
INV05645,keyboard
INV08918,mouse
INV00511,headphone
INV07952,notebook
INV02797,smartphone
INV01580,keyboard
INV01355,headphone
INV04863,headphone
INV06812,mouse
INV07241,headphone
INV09405,mouse
INV00958,clocks
INV05048,desktop
INV08843,desktop
INV00027,mouse
INV01335,desktop
INV09486,monitor
INV09651,desktop
INV03804,keyboard
INV08718,monitor
INV09931,keyboard
INV01700,clocks
INV09537,mouse
INV09654,smartphone
INV03324,keyboard
INV02948,notebook
INV00463,headphone
INV03288,clocks
INV09332,mouse
INV07723,smartphone
INV09196,desktop
INV04174,smartphone
INV09018,notebook
INV03997,notebook
INV05814,notebook
INV00381,desktop
INV05645,monitor
INV05571,keyboard
INV05595,clocks
INV02991,mouse
INV08737,mouse
INV01345,tablet
INV07748,monitor
INV06284,notebook
INV08271,keyboard
INV01881,keyboard
INV02781,keyboard
INV07323,smartphone
INV00993,key_board
INV08155,notebook
INV00045,notebook
INV01423,mouse
INV01930,notebook
INV04041,mouse
INV03533,headphone
INV06824,keyboard
INV08135,monitor
INV01863,desktop
INV06254,keyboard
INV05195,clocks
INV03347,headphone
INV06180,desktop
INV04200,notebook
INV07276,mouse
INV01222,smartphone
INV06701,smartphone
INV07339,notebook
INV07892,desktop
INV08248,smartphone
INV05660,mouse
INV04417,smartphone
INV08888,monitor
INV09597,headphone
INV06320,mouse
INV03464,mouse
INV05921,smartphone
INV01410,headphone
INV05192,clocks
INV00819,smartphone
INV07976,headphone
INV00186,keyboard
INV05445,notebook
INV07462,desktop
INV05797,desktop
INV07640,notebook
INV09507,mouse
INV06036,notebook
INV07491,mouse
INV08838,smartphone
INV06954,mouse
INV08883,headphone
INV04842,headphone
INV00310,smartphone
INV04582,monitor
INV06622,clocks
INV09996,smartphone
INV08812,mouse
INV07307,mouse
INV00357,headphone
INV08652,notebook
INV08117,headphone
INV08278,clocks
INV02254,keyboard
INV04614,clocks
INV00137,headphone
INV04209,notebook
INV02807,key_board
INV05334,notebook
INV05179,mouse
INV01968,keyboard
INV04095,clocks
INV05744,printer
INV07124,keyboard
INV04012,notebook
INV08404,keyboard
INV09978,smartphone
INV08882,headphone
INV05686,desktop
INV04068,keyboard
INV05329,mouse
INV09212,mouse
INV03394,keyboard
INV00750,keyboard
INV05576,monitor
INV02790,mouse
INV09445,tv
INV00368,notebook
INV00935,mouse
INV05598,monitor
INV04658,notebook
INV07060,mouse
INV06597,monitor
INV05219,smartphone
INV06444,mouse
INV08728,headphone
INV04998,keyboard
INV00118,notebook
INV01720,desktop
INV09713,headphone
INV00688,
INV01369,mouse
INV09033,notebook
INV06100,headphone
INV01794,headphone
INV07967,keyboard
INV00422,mouse
INV08102,headphone
INV04520,smartphone
INV05509,desktop
INV00850,headphone
INV07268,smartphone
INV01185,clocks
INV00697,mouse
INV05253,smartphone
INV00304,note_book
INV04315,mouse
INV01856,headphone
INV02842,desktop
INV05824,smartphone
INV02305,keyboard
INV03539,clocks
INV01735,mouse
INV05507,keyboard
INV08537,mouse
INV07701,notebook
INV04704,smartphone
INV04944,smartphone
INV03013,smartphone
INV04501,desktop
INV04487,smartphone
INV06126,smartphone
INV01955,notebook
INV04079,keyboard
INV03603,smartphone
INV07180,notebook
INV02479,mouse
INV09383,notebook
INV07832,smartphone
INV09708,mouse
INV07057,smartphone
INV09528,mouse
INV08862,keyboard
INV02687,monitor
INV08045,mouse
INV02251,mouse
INV07304,mouse
INV04333,mouse
INV07707,desktop
INV09932,headphone
INV01014,mouse
INV09263,mouse
INV08588,keyboard
INV03396,monitor
INV04228,mouse
INV03864,notebook
INV02477,smartphone
INV05738,printer
INV01341,smartphone
INV06608,smartphone
INV09885,keyboard
INV04573,mouse
INV06899,smartphone
INV09474,keyboard
INV07102,headphone
INV02846,notebook
INV04630,notebook
INV05658,headphone
INV01017,notebook
INV09157,smartphone
INV06707,keyboard
INV00404,headphone
INV04422,notebook
INV02241,monitor
INV04874,mouse
INV01824,headphone
INV06829,headphone
INV03967,headphone
INV06232,clocks
INV08258,clocks
INV09826,keyboard
INV06363,headphone
INV05376,mouse
INV02783,smartphone
INV03535,clocks
INV05966,keyboard
INV01103,smartphone
INV03355,clocks
INV07079,mouse
INV06239,smartphone
INV06699,notebook
INV05713,notebook
INV08354,smartphone
INV02929,clocks
INV07620,smartphone
INV05696,mouse
INV05139,mouse
INV02539,desktop
INV06371,desktop
INV06360,desktop
INV02246,smartphone
INV00679,keyboard
INV04462,printer
INV07344,notebook
INV07635,keyboard
INV00784,desktop
INV04946,monitor
INV05900,smartphone
INV04466,notebook
INV02105,notebook
INV06794,mause
INV02598,keyboard
INV05128,smartphone
INV07099,desktop
INV04258,notebook
INV09602,clocks
INV06806,keyboard
INV09471,headphone
INV01425,mouse
INV01152,mouse
INV06053,printer
INV09001,tablet
INV04696,keyboard
INV01794,headphone
INV06385,headphone
INV04683,mouse
INV09294,tv
INV07971,notebook
INV05902,desktop
INV07155,keyboard
INV02611,monitor
INV07132,smartphone
INV06097,notebook
INV01424,tv
INV01234,keyboard
INV01232,desktop
INV01772,keyboard
INV05087,headphone
INV06726,desktop
INV00220,smartphone
INV06264,keyboard
INV04953,keyboard
INV02387,mouse
INV04002,tv
INV04956,smartphone
INV00069,keyboard
INV05188,headphone
INV00820,notebook
INV06081,monitor
INV02627,mouse
INV06104,smartphone
INV06706,mouse
INV03383,desktop
INV07590,keyboard
INV04173,monitor
INV03050,smartphone
INV02857,headphone
INV03654,smartphone
INV03699,smartphone
INV05122,mouse
INV09564,clocks
INV06496,mouse
INV08049,desktop
INV03186,keyboard
INV05379,notebook
INV08306,smartphone
INV00855,clocks
INV04055,headphone
INV08498,mouse
INV04362,keyboard
INV00871,notebook
INV05801,mouse
INV03020,mouse
INV02387,notebook
INV01612,smartphone
INV08156,keyboard
INV00754,desktop
INV04330,clocks
INV06185,notebook
INV07286,desktop
INV03128,printer
INV06207,mouse
INV04007,desktop
INV07152,keyboard
INV06629,headphone
INV03029,notebook
INV01746,smartphone
INV01518,desktop
INV06655,headphone
INV02884,smartphone
INV08064,notebook
INV00716,clocks
INV09412,smartphone
INV08809,key_board
INV06546,smartphone
INV01807,smartphone
INV00825,headphone
INV04096,keyboard
INV03531,smartphone
INV00576,mouse
INV01936,keyboard
INV09876,desktop
INV00978,smartphone
INV03050,headphone
INV06862,monitor
INV03889,notebook
INV00093,keyboard
INV04515,smartphone
INV09175,keyboard
INV09328,mouse
INV03208,notebook
INV08796,notebook
INV08757,headphone
INV03528,monitor
INV05364,keyboard
INV08658,clocks
INV02587,keyboard
INV07903,desktop
INV01544,smartphone
INV07851,desktop
INV05122,desktop
INV03106,smartphone
INV05625,keyboard
INV06186,keyboard
INV06386,clocks
INV05325,keyboard
INV08311,desktop
INV06106,mouse
INV09938,keyboard
INV01046,mouse
INV04125,mouse
INV08818,smartphone
INV03711,notebook
INV04219,monitor
INV02565,desktop
INV06437,notebook
INV08862,monitor
INV08778,monitor
INV04992,monitor
INV04383,smartphone
INV04517,smartphone
INV09665,notebook
INV01388,notebook
INV09536,notebook
INV09798,smartphone
INV08643,headphone
INV01267,clocks
INV09573,tablet
INV02517,smartphone
INV02007,headphone
INV06805,keyboard
INV01697,mouse
INV07528,keyboard
INV06070,notebook
INV02324,notebook
INV05089,smartphone
INV04809,mouse
INV09827,mouse
INV03245,keyboard
INV07942,
INV09272,smartphone
INV05991,mouse
INV08430,mause
INV04065,notebook
INV05047,mouse
INV00003,headphone
INV03175,keyboard
INV05077,smartphone
INV09490,smartphone
INV09524,desktop
INV00678,desktop
INV01268,notebook
INV06222,clocks
INV05844,headphone
INV09229,desktop
INV00526,smartphone
INV03412,smartphone
INV07400,headphone
INV03558,desktop
INV02771,keyboard
INV05677,smartphone
INV09368,monitor
INV09658,smartphone
INV07034,keyboard
INV06689,keyboard
INV09903,notebook
INV08653,notebook
INV05862,smartphone
INV08532,mouse
INV01196,monitor
INV03830,keyboard
INV09122,smartphone
INV00818,keyboard
INV07882,note_book
INV08504,notebook
INV09380,notebook
INV08435,clocks
INV06562,notebook
INV08720,desktop
INV01522,notebook
INV09833,monitor
INV00715,monitor
INV09542,headphone
INV07747,notebook
INV08754,headphone
INV01399,smartphone
INV03161,notebook
INV02888,headphone
INV06586,notebook
INV00001,smartphone
INV06759,note_book
INV03140,mouse
INV07426,smartphone
INV08141,notebook
INV04782,tv
INV00566,headphone
INV05945,notebook
INV08029,clocks
INV04424,tablet
INV05883,headphone
INV07003,notebook
INV01749,
INV07752,mouse
INV09064,tv
INV05360,smartphone
INV00210,clocks
INV04152,smartphone
INV09150,headphone
INV02873,mouse
INV04435,smartphone
INV09479,keyboard
INV07205,keyboard
INV02427,smartphone
INV07323,clocks
INV02270,
INV03336,notebook
INV07680,headphone
INV07481,notebook
INV09777,smartphone
INV01362,headphone
INV07839,smartphone
INV00351,keyboard
INV08564,keyboard
INV08406,notebook
INV01835,clocks
INV05217,notebook
INV04312,headphone
INV07771,headphone
INV09529,monitor
INV03922,desktop
INV01182,mouse
INV09510,keyboard
INV00839,smatphone
INV09156,headphone
INV09055,mouse
INV09030,smartphone
INV02009,clocks
INV06859,desktop
INV06214,notebook
INV08545,
INV01646,tablet
INV08543,desktop
INV03724,keyboard
INV06950,tv
INV05634,desktop
INV08926,smartphone
INV08872,notebook
INV05946,mouse
INV04952,desktop
INV06534,monitor
INV07464,notebook
INV04615,keyboard
INV09919,monitor
INV00117,
INV06490,smartphone
INV06414,smartphone
INV05584,clocks
INV02157,smartphone
INV06867,keyboard
INV05368,monitor
INV01342,tv
INV07208,clocks
INV07778,desktop
INV06991,smartphone
INV00298,notebook
INV09131,headphone
INV01429,mouse
INV04458,notebook
INV08448,clocks
INV04379,clocks
INV08382,smartphone
INV00985,clocks
INV01142,headphone
INV04192,smartphone
INV06402,desktop
INV07669,desktop
INV07130,notebook
INV09789,smartphone
INV03914,headphone
INV08136,desktop
INV08054,notebook
INV00851,notebook
INV03903,tv
INV09147,notebook
INV05404,mouse
INV01377,notebook
INV00803,keyboard
INV00343,keyboard
INV08071,keyboard
INV06037,headphone
INV08533,notebook
INV03585,
INV00676,smartphone
INV09819,notebook
INV04512,keyboard
INV01781,headphone
INV05893,clocks
INV03241,keyboard
INV00029,keyboard
INV05908,desktop
INV09259,desktop
INV03656,keyboard
INV00346,notebook
INV07896,smartphone
INV00300,smartphone
INV08651,headphone
INV04162,mouse
INV02579,mouse
INV01620,notebook
INV02591,keyboard
INV01824,printer
INV00512,smartphone
INV01080,desktop
INV09712,
INV04934,monitor
INV09145,smartphone
INV02269,headphone
INV01694,mause
INV08523,smartphone
INV06684,notebook
INV01649,keyboard
INV01265,desktop
INV07623,keyboard
INV01579,clocks
INV04695,smartphone
INV09027,notebook
INV07760,clocks
INV07249,desktop
INV08696,keyboard
INV04240,notebook
INV04717,clocks
INV07335,printer
INV01348,mouse
INV08170,notebook
INV02845,notebook
INV04490,smartphone
INV09067,smartphone
INV00198,desktop
INV05632,mouse
INV01505,smartphone
INV06571,notebook
INV00968,headphone
INV03058,headphone
INV06612,mouse
INV01875,clocks
INV09634,headphone
INV08959,keyboard
INV01034,headphone
INV01226,desktop
INV04452,smartphone
INV09361,desktop
INV04914,smartphone
INV02299,mouse
INV06997,smartphone
INV05547,mouse
INV03086,headphone
INV01687,headphone
INV07079,desktop
INV02680,desktop
INV05978,tv
INV01284,desktop
INV06970,desktop
INV05391,headphone
INV07770,desktop
INV07667,smartphone
INV02389,headphone
INV03587,mouse
INV08795,desktop
INV09908,keyboard
INV01510,mouse
INV01825,desktop
INV09184,keyboard
INV08435,headphone
INV04900,keyboard
INV01091,mouse
INV05415,keyboard
INV00285,smartphone
INV09377,keyboard
INV04531,headphone
INV06738,
INV07641,notebook
INV03593,clocks
INV04111,monitor
INV04188,headphone
INV02921,smartphone
INV06979,headphone
INV09507,notebook
INV04781,monitor
INV01600,keyboard
INV01804,smartphone
INV06343,tv
INV05257,notebook
INV04752,clocks
INV06632,mouse
INV03022,smartphone
INV00838,headphone
INV09526,mouse
INV05185,smartphone
INV06511,headphone
INV03242,headphone
INV04099,smartphone
INV02906,headphone
INV00964,notebook
INV07700,mouse
INV08123,headphone
INV01932,tv
INV00416,mouse
INV03194,headphone
INV02871,keyboard
INV00502,monitor
INV01984,smartphone
INV02444,mouse
INV08314,clocks
INV09343,clocks
INV06438,mouse
INV00214,keyboard
INV06961,notebook
INV01710,headphone
INV09299,notebook
INV00547,mouse
INV00800,smartphone
INV06412,monitor
INV01254,mouse
INV04966,clocks
INV04586,clocks
INV00647,smartphone
INV05115,mouse
INV02352,smartphone
INV01729,mouse
INV07455,mouse
INV04932,smartphone
INV01938,monitor
INV00235,headphone
INV01159,monitor
INV04325,mouse
INV05905,
INV07480,notebook
INV04905,smartphone
INV09227,smartphone
INV07713,keyboard
INV04787,notebook
INV02544,smartphone
INV01724,mouse
INV05310,smartphone
INV09661,smartphone
INV02613,notebook
INV04215,notebook
INV03511,notebook
INV01976,tablet
INV03960,smartphone
INV01028,smartphone
INV05424,headphone
INV09528,notebook
INV06734,monitor
INV08156,desktop
INV03223,monitor
INV03646,mouse
INV02702,headphone
INV04871,keyboard
INV01604,desktop
INV02882,desktop
INV00711,keyboard
INV00472,mouse
INV08689,notebook
INV07895,clocks
INV01303,smartphone
INV04321,notebook
INV01912,mouse
INV04196,keyboard
INV06633,monitor
INV02541,tv
INV05762,smartphone
INV08690,desktop
INV06252,desktop
INV08062,headphone
INV00718,mouse
INV00082,smartphone
INV00517,notebook
INV02716,keyboard
INV07205,desktop
INV08267,notebook
INV07744,headphone
INV08760,smartphone
INV01216,keyboard
INV03141,headphone
INV01898,monitor
INV08269,desktop
INV02491,notebook
INV08214,mouse
INV00915,clocks
INV07727,notebook
INV00663,mouse
INV00490,notebook
INV04832,mouse
INV06668,notebook
INV09472,mouse
INV08482,keyboard
INV09852,smartphone
INV05439,headphone
INV01201,notebook
INV09202,notebook
INV00366,monitor
INV05653,smartphone
INV05246,smartphone
INV05897,mouse
INV07995,clocks
INV09947,mouse
INV01001,headphone
INV08485,notebook
INV09697,notebook
INV05272,keyboard
INV03644,clocks
INV02343,headphone
INV01063,keyboard
INV03167,desktop
INV09152,clocks
INV06995,headphone
INV08625,mouse
INV04641,mouse
INV04804,keyboard
INV06506,clocks
INV01568,mouse
INV03315,mouse
INV05588,monitor
INV01006,mouse
INV04024,monitor
INV04034,keyboard
INV05337,monitor
INV02497,keyboard
INV00344,clocks
INV09258,headphone
INV07521,desktop
INV07788,headphone
INV07468,monitor
INV00374,mouse
INV02558,smartphone
INV07877,smartphone
INV00953,headphone
INV09936,mouse
INV08742,smartphone
INV01343,notebook
INV06835,mouse
INV08188,mouse
INV04778,headphone
INV06132,desktop
INV05033,keyboard
INV06630,notebook
INV04998,desktop
INV00589,smartphone
INV06677,smartphone
INV03431,smartphone
INV01471,headphone
INV09834,keyboard
INV02914,smartphone
INV00245,clocks
INV07741,keyboard
INV03422,mouse
INV06593,mouse
INV09106,smartphone
INV08395,smartphone
INV02618,clocks
INV00289,mouse
INV00984,mouse
INV04963,notebook
INV03560,notebook
INV06280,clocks
INV01859,mouse
INV09376,printer
INV08333,mouse
INV04133,monitor
INV06726,keyboard
INV09649,desktop
INV01053,keyboard
INV00994,smartphone
INV01902,keyboard
INV05728,smartphone
INV08156,mouse
INV01299,printer
INV06351,notebook
INV02401,clocks
INV01737,notebook
INV05465,desktop
INV09838,notebook
INV04617,notebook
INV03281,keyboard
INV07614,mouse
INV05565,printer
INV01204,clocks
INV05342,headphone
INV02590,notebook
INV00355,notebook
INV07177,printer
INV04574,keyboard
INV01816,mouse
INV04803,mouse
INV05874,notebook
INV07486,keyboard
INV07597,mouse
INV01850,clocks
INV08194,notebook
INV01291,mouse
INV09020,notebook
INV05442,clocks
INV07215,monitor
INV05588,mouse
INV00566,smartphone
INV08886,notebook
INV04127,keyboard
INV09867,notebook
INV04661,smartphone
INV02410,notebook
INV00530,smartphone
INV05796,keyboard
INV07514,notebook
INV06057,monitor
INV00572,keyboard
INV01698,notebook
INV07917,smatphone
INV08303,notebook
INV00438,monitor
INV05439,clocks
INV01398,clocks
INV03956,smartphone
INV07785,headphone
INV06286,mouse
INV09767,smartphone
INV06607,notebook
INV09193,clocks
INV06671,mouse
INV01774,smartphone
INV03285,smartphone
INV04823,desktop
INV08156,monitor
INV03166,smartphone
INV03433,keyboard
INV00339,desktop
INV00380,clocks
INV09070,headphone
INV02817,mouse
INV07350,desktop
INV09210,smartphone
INV09324,monitor
INV04144,monitor
INV04876,notebook
INV04248,smatphone
INV05949,headphone
INV05206,monitor
INV02172,clocks
INV00843,monitor
INV01841,smartphone
INV08921,tablet
INV03623,smartphone
INV09934,mouse
INV03809,notebook
INV00678,monitor
INV03366,mouse
INV02817,notebook
INV09431,clocks
INV00901,mouse
INV04116,notebook
INV05328,clocks
INV03907,keyboard
INV01771,tv
INV07920,headphone
INV07472,notebook
INV08927,
INV06550,mouse
INV08954,keyboard
INV03232,notebook
INV06287,desktop
INV04047,mouse
INV06867,notebook
INV03730,keyboard
INV07673,smatphone
INV08391,notebook
INV09997,desktop
INV09933,notebook
INV04477,clocks
INV09728,smartphone
INV02020,smartphone
INV05627,mouse
INV05988,notebook
INV07910,notebook
INV08993,desktop
INV02643,smartphone
INV09051,smartphone
INV04957,headphone
INV04378,mouse
INV04496,notebook
INV06775,desktop
INV00034,smartphone
INV02961,headphone
INV07893,keyboard
INV03377,keyboard
INV01361,notebook
INV05135,headphone
INV01561,headphone
INV09955,clocks
INV06070,keyboard
INV07490,smartphone
INV01480,monitor
INV08386,note_book
INV02050,keyboard
INV09476,monitor
INV02232,mouse
INV06850,smartphone
INV05591,keyboard
INV07155,mouse
INV08286,keyboard
INV04964,headphone
INV01340,notebook
INV03757,mouse
INV04237,keyboard
INV01119,smartphone
INV08199,headphone
INV06208,smartphone
INV08896,
INV06029,headphone
INV01658,clocks
INV09279,smartphone
INV05294,mouse
INV02267,smartphone
INV02930,smartphone
INV01864,smartphone
INV06454,tablet
INV07568,headphone
INV06399,notebook
INV08589,desktop
INV04101,mouse
INV09774,mouse
INV04640,mouse
INV08648,keyboard
INV08186,keyboard
INV08513,mouse
INV00290,keyboard
INV03766,smartphone
INV01849,clocks
INV01593,smartphone
INV05648,keyboard
INV06928,notebook
INV02242,mouse
INV07359,smartphone
INV07986,smartphone
INV08887,keyboard
INV02890,headphone
INV06996,mouse
INV08555,notebook
INV02559,tablet
INV09493,keyboard
INV07945,smartphone
INV05905,keyboard
INV07297,smartphone
INV03155,notebook
INV08240,notebook
INV02469,clocks
INV02634,keyboard
INV03737,keyboard
INV05140,mouse
INV08257,smartphone
INV01195,mouse
INV05814,mouse
INV04650,mouse
INV01679,smartphone
INV05527,desktop
INV08260,smartphone
INV07950,clocks
INV02290,
INV00041,monitor
INV01010,mouse
INV08804,clocks
INV08868,mouse
INV00345,notebook
INV04763,headphone
INV06365,smartphone
INV04155,clocks
INV01168,smartphone
INV03790,headphone
INV09104,mouse
INV05790,headphone
INV00792,clocks
INV03623,headphone
INV00331,headphone
INV09520,mouse
INV03716,smartphone
INV01558,clocks
INV01561,clocks
INV05556,keyboard
INV05573,smartphone
INV04878,keyboard
INV00208,desktop
INV09986,monitor
INV08892,smartphone
INV01603,desktop
INV04794,clocks
INV09710,tablet
INV03669,monitor
INV09355,clocks
INV09422,smartphone
INV04202,desktop
INV08803,mouse
INV06306,notebook
INV04294,keyboard
INV08109,headphone
INV06051,mouse
INV05369,notebook
INV08048,mouse
INV09848,mouse
INV03012,headphone
INV07180,mouse
INV09572,keyboard
INV03732,notebook
INV08073,headphone
INV04440,mouse
INV07640,mouse
INV08218,notebook
INV00828,keyboard
INV04556,monitor
INV00755,mouse
INV04343,clocks
INV06919,mouse
INV05831,mouse
INV02815,mouse
INV07236,clocks
INV05583,tv
INV07463,smartphone
INV03199,monitor
INV00592,notebook
INV03385,notebook
INV07845,mouse
INV08381,smartphone
INV01685,clocks
INV02949,mouse
INV00282,keyboard
INV00041,mouse
INV08490,keyboard
INV04071,headphone
INV07008,desktop
INV04579,clocks
INV02391,keyboard
INV07418,tv
INV07802,headphone
INV08377,keyboard
INV08351,smartphone
INV09099,monitor
INV08938,notebook
INV01707,keyboard
INV04897,clocks
INV03088,monitor
INV00523,headphone
INV08460,desktop
INV03407,headphone
INV01116,headphone
INV04326,smartphone
INV01412,printer
INV01888,monitor
INV06364,headphone
INV03092,smartphone
INV04461,mouse
INV02406,smartphone
INV00423,keyboard
INV05552,notebook
INV01223,smartphone
INV02850,smartphone
INV04848,headphone
INV03515,smartphone
INV01977,desktop
INV03792,keyboard
INV00545,keyboard
INV06926,notebook
INV00686,smartphone
INV07211,monitor
INV02010,tv
INV00943,mouse
INV09784,desktop
INV05163,mouse
INV09762,headphone
INV08307,tv
INV04870,smartphone
INV01517,headphone
INV01615,desktop
INV04157,mouse
INV03409,clocks
INV02980,notebook
INV05230,smartphone
INV06869,desktop
INV03698,headphone
INV03345,keyboard
INV04104,clocks
INV01980,headphone
INV05818,notebook
INV02139,smartphone
INV03237,headphone
INV07539,smartphone
INV09163,notebook
INV03592,headphone
INV01726,smartphone
INV04643,mouse
INV08702,keyboard
INV03088,keyboard
INV08917,mouse
INV01887,keyboard
INV07430,headphone
INV06423,clocks
INV03481,headphone
INV06476,keyboard
INV08575,desktop
INV01802,keyboard
INV02905,desktop
INV03056,headphone
INV03745,mouse
INV08353,notebook
INV08920,smartphone
INV06124,smartphone
INV05792,keyboard
INV09962,notebook
INV08089,monitor
INV08044,keyboard
INV04751,keyboard
INV09664,headphone
INV07952,keyboard
INV06791,keyboard
INV07561,keyboard
INV09792,notebook
INV06403,smartphone
INV06767,clocks
INV09127,keyboard
INV04580,printer
INV09981,desktop
INV06771,mouse
INV03037,mouse
INV01128,clocks
INV04598,tablet
INV07377,keyboard
INV08942,clocks
INV00424,keyboard
INV01682,keyboard
INV02301,keyboard
INV01508,notebook
INV04042,smartphone
INV08879,monitor
INV05400,headphone
INV06425,notebook
INV07494,keyboard
INV03456,clocks
INV02708,desktop
INV01722,clocks
INV01638,headphone
INV06087,notebook
INV02418,mouse
INV08746,notebook
INV00272,desktop
INV02309,notebook
INV02157,clocks
INV04415,notebook
INV03642,monitor
INV03425,smartphone
INV09801,notebook
INV01874,notebook
INV07330,notebook
INV08811,mouse
INV03277,headphone
INV04684,monitor
INV01674,notebook
INV03482,desktop
INV01956,keyboard
INV06598,clocks
INV04919,clocks
INV03894,tv
INV01106,notebook
INV04602,smartphone
INV06783,mouse
INV06799,headphone
INV04844,smartphone
INV06645,desktop
INV00770,desktop
INV01547,smartphone
INV02132,tv
INV00776,headphone
INV04611,headphone
INV08594,notebook
INV05462,notebook
INV03520,desktop
INV06924,mouse
INV04091,monitor
INV03374,notebook
INV05019,mouse
INV05371,mouse
INV07566,keyboard
INV03882,notebook
INV02624,mouse
INV01658,smartphone
INV07854,headphone
INV03773,notebook
INV03992,clocks
INV08843,smartphone
INV08955,monitor
INV02721,smartphone
INV00017,notebook
INV02504,monitor
INV09108,keyboard
INV00671,keyboard
INV04516,keyboard
INV05529,smartphone
INV04995,tablet
INV07318,mouse
INV09012,mouse
INV07755,mouse
INV02955,smartphone
INV02582,keyboard
INV01446,mouse
INV04668,smartphone
INV08561,keyboard
INV02683,notebook
INV00864,keyboard
INV06311,smartphone
INV02995,headphone
INV00511,clocks
INV09905,smartphone
INV02167,notebook
INV06394,headphone
INV06985,mouse
INV07566,mouse
INV01263,keyboard
INV01947,mouse
INV07101,smartphone
INV02203,desktop
INV06272,smartphone
INV04622,monitor
INV06586,mouse
INV06140,smartphone
INV03110,keyboard
INV08044,notebook
INV07742,keyboard
INV00834,notebook
INV00225,keyboard
INV01534,headphone
INV07107,mouse
INV04981,tv
INV02958,clocks
INV06441,notebook
INV04707,monitor
INV06491,desktop
INV08993,monitor
INV07322,monitor
INV07328,notebook
INV09461,smartphone
INV06213,monitor
INV03577,keyboard
INV04011,monitor
INV05205,notebook
INV09442,keyboard
INV08269,keyboard
INV06820,keyboard
INV00997,notebook
INV07822,mouse
INV02252,printer
INV02510,headphone
INV00299,notebook
INV07252,mouse
INV02779,notebook
INV05609,headphone
INV07507,
INV08606,keyboard
INV00445,headphone
INV00935,desktop
INV07552,headphone
INV06994,
INV01454,mouse
INV07522,monitor
INV01902,notebook
INV09065,mouse
INV06163,desktop
INV03586,keyboard
INV04760,smartphone
INV05864,keyboard
INV06190,clocks
INV01631,headphone
INV05726,desktop
INV03256,clocks
INV05667,mouse
INV01472,smartphone
INV06798,keyboard
INV01602,keyboard
INV08707,monitor
INV06611,
INV05342,clocks
INV01995,tablet
INV08628,tv
INV08810,monitor
INV00740,smartphone
INV09315,smartphone
INV09693,clocks
INV05469,mouse
INV08366,desktop
INV03970,keyboard
INV04899,mouse
INV03284,smartphone
INV09452,desktop
INV05921,headphone
INV05631,smartphone
INV09594,desktop
INV08720,headphone
INV01625,headphone
INV06942,smartphone
INV05006,headphone
INV00174,monitor
INV09210,clocks
INV09828,key_board
INV00349,headphone
INV08697,notebook
INV09840,mause
INV08261,smartphone
INV09241,keyboard
INV05330,desktop
INV06375,mouse
INV01213,desktop
INV09378,smartphone
INV01636,smartphone
INV05807,monitor
INV02263,smartphone
INV07490,
INV04448,smartphone
INV01777,mouse
INV05365,smartphone
INV02119,mouse
INV09296,clocks
INV08895,keyboard
INV05338,monitor
INV09999,notebook
INV01267,keyboard
INV04456,smartphone
INV00716,smartphone
INV06448,headphone
INV02699,notebook
INV07903,mouse
INV05473,notebook
INV07594,keyboard
INV00229,mouse
INV02068,desktop
INV08469,keyboard
INV07042,monitor
INV06183,headphone
INV04912,headphone
INV08965,smartphone
INV09299,mouse
INV08492,smartphone
INV08155,keyboard
INV02484,smartphone
INV05465,monitor
INV08077,clocks
INV03569,smartphone
INV07570,notebook
INV02745,mouse
INV01163,monitor
INV05013,headphone
INV06030,mouse
INV08377,mouse
INV06171,notebook
INV03037,keyboard
INV02519,notebook
INV08532,
INV05036,mouse
INV01554,notebook
INV05611,printer
INV03380,smartphone
INV09564,headphone
INV04818,headphone
INV02464,clocks
INV09679,keyboard
INV08518,mouse
INV02810,headphone
INV04296,mouse
INV05532,clocks
INV01130,smartphone
INV01993,clocks
INV00760,smartphone
INV07599,headphone
INV03852,keyboard
INV01466,mouse
INV07948,clocks
INV01227,clocks
INV08413,mouse
INV07987,mouse
INV06083,notebook
INV05172,mouse
INV05419,desktop
INV05328,smartphone
INV04872,notebook
INV05587,
INV02802,tablet
INV06407,smartphone
INV09208,mouse
INV02951,mouse
INV00105,notebook
INV04609,smartphone
INV02135,smartphone
INV00137,smartphone
INV07333,notebook
INV02105,mouse
INV09991,desktop
INV04286,notebook
INV00854,clocks
INV04840,smartphone
INV06078,headphone
INV01442,smartphone
INV00799,smartphone
INV01680,smartphone
INV00139,mouse
INV08772,monitor
INV09621,mouse
INV00369,tablet
INV07604,monitor
INV08865,monitor
INV08076,tv
INV06882,notebook
INV07097,clocks
INV01061,smatphone
INV04220,headphone
INV09056,headphone
INV01992,monitor
INV03294,clocks
INV02527,monitor
INV05827,clocks
INV06994,desktop
INV07248,clocks
INV04339,clocks
INV04585,monitor
INV00549,mouse
INV05354,tablet
INV03902,key_board
INV07889,keyboard
INV00867,smartphone
INV02095,smartphone
INV04653,mouse
INV04212,mouse
INV09535,notebook
INV06903,mouse
INV02880,desktop
INV06362,headphone
INV03730,mouse
INV00550,notebook
INV06184,notebook
INV02945,notebook
INV04259,keyboard
INV07482,monitor
INV09022,clocks
INV04403,smartphone
INV04126,mouse
INV02500,desktop
INV00093,mouse
INV03591,notebook
INV03000,desktop
INV01867,notebook
INV03602,clocks
INV07873,smartphone
INV04628,notebook
INV08675,keyboard
INV09601,notebook
INV02769,mouse
INV00604,notebook
INV06213,mouse
INV06580,headphone
INV03880,mouse
INV06561,clocks
INV02312,smartphone
INV01404,mouse
INV06812,keyboard
INV00422,notebook
INV08825,mouse
INV08973,smartphone
INV09906,desktop
INV09787,monitor
INV02899,keyboard
INV08406,mouse
INV02383,keyboard
INV00947,desktop
INV04390,smartphone
INV01812,notebook
INV05855,mouse
INV01150,mouse
INV03879,tablet
INV08759,mouse
INV04192,headphone
INV09653,mouse
INV06629,smartphone
INV00132,keyboard
INV06075,notebook
INV07282,mouse
INV05807,
INV00878,monitor
INV09445,printer
INV00723,headphone
INV03630,mouse
INV05582,clocks
INV08561,desktop
INV08302,mouse
INV07660,notebook
INV01491,smartphone
INV08331,keyboard
INV04374,mouse
INV05763,clocks
INV05896,mouse
INV08374,monitor
INV07396,keyboard
INV00415,headphone
INV03743,keyboard
INV07196,keyboard
INV03054,notebook
INV07594,mouse
INV05199,desktop
INV00988,headphone
INV09068,notebook
INV06241,mouse
INV00499,desktop
INV04536,mouse
INV02717,smartphone
INV04828,smartphone
INV00491,smartphone
INV05435,notebook
INV07805,monitor
INV03694,smartphone
INV08425,keyboard
INV08100,headphone
INV07377,monitor
INV01837,keyboard
INV02457,mouse
INV05976,monitor
INV08840,mause
INV01686,smartphone
INV04160,notebook
INV07852,smartphone
INV01622,keyboard
INV01112,notebook
INV09398,monitor
INV08245,notebook
INV09990,desktop
INV04242,headphone
INV06822,clocks
INV06478,monitor
INV09415,clocks
INV00387,desktop
INV09977,smartphone
INV04564,notebook
INV07312,tablet
INV04879,desktop
INV04136,smartphone
INV00628,keyboard
INV08758,monitor
INV08936,mouse
INV07020,keyboard
INV01183,mouse
INV04348,keyboard
INV04022,clocks
INV09405,keyboard
INV00167,notebook
INV00186,notebook
INV05270,headphone
INV02241,desktop
INV00065,smartphone
INV06405,smartphone
INV01623,keyboard
INV02362,headphone
INV07885,smartphone
INV07422,headphone
INV01777,desktop
INV05077,clocks
INV02494,notebook
INV08602,headphone
INV07708,headphone
INV06096,notebook
INV03218,note_book
INV07269,headphone
INV05564,headphone
INV01368,notebook
INV09598,monitor
INV08336,smartphone
INV01967,mouse
INV06659,keyboard
INV05793,desktop
INV06206,clocks
INV05380,smartphone
INV03240,headphone
INV08308,notebook
INV06259,mouse
INV05002,mouse
INV08182,monitor
INV05709,monitor
INV03544,headphone
INV07800,keyboard
INV01378,notebook
INV01163,keyboard
INV00796,monitor
INV07696,smartphone
INV09159,desktop
INV08726,clocks
INV03331,desktop
INV03777,notebook
INV04703,tv
INV08866,monitor
INV05530,desktop
INV03091,keyboard
INV01387,smartphone
INV03930,mouse
INV08464,notebook
INV00703,smartphone
INV04978,mouse
INV04247,desktop
INV09498,monitor
INV07740,keyboard
INV00241,mouse
INV04946,desktop
INV04164,mouse
INV09340,smartphone
INV08523,headphone
INV09388,clocks
INV09398,
INV09887,mouse
INV02517,headphone
INV08584,headphone
INV07483,notebook
INV05662,mouse
INV07518,monitor
INV04856,monitor
INV08663,notebook
INV06186,desktop
INV08901,mouse
INV07429,notebook
INV02407,keyboard
INV04539,
INV06386,headphone
INV07129,mouse
INV08523,clocks
INV06898,desktop
INV05746,notebook
INV00993,mouse
INV03026,notebook
INV03692,keyboard
INV01548,smartphone
INV06243,smartphone
INV04876,keyboard
INV07828,headphone
INV06463,notebook
INV04937,notebook
INV03885,desktop
INV08703,keyboard
INV04323,notebook
INV03363,headphone
INV00323,notebook
INV03072,keyboard
INV04008,monitor
INV00319,mouse
INV06881,keyboard
INV09559,headphone
INV07687,monitor
INV09771,notebook
INV00604,mouse
INV01926,keyboard
INV05898,clocks
INV00321,mouse
INV05607,notebook
INV07145,keyboard
INV04608,mouse
INV00598,notebook
INV06274,notebook
INV04928,smartphone
INV02119,keyboard
INV01001,clocks
INV09799,smartphone
INV01749,clocks
INV07102,smartphone
INV04680,keyboard
INV04567,keyboard
INV02603,desktop
INV07213,smartphone
INV09633,smartphone
INV03703,headphone
INV01160,monitor
INV02729,clocks
INV01788,desktop
INV00330,headphone
INV02377,keyboard
INV08973,clocks
INV05842,smartphone
INV08169,notebook
INV01140,
INV02998,mouse
INV01315,desktop
INV01858,mouse
INV08525,keyboard
INV08185,keyboard
INV04120,mouse
INV00972,desktop
INV08912,notebook
INV03900,mouse
INV08977,keyboard
INV04783,notebook
INV03997,keyboard
INV02640,desktop
INV00509,keyboard
INV04255,headphone
INV07585,headphone
INV07189,smartphone
INV01677,headphone
INV07399,clocks
INV03436,desktop
INV07211,notebook
INV07443,notebook
INV05364,desktop
INV09643,notebook
INV03366,monitor
INV06647,mouse
INV05451,desktop
INV08035,tv
INV00216,keyboard
INV08279,monitor
INV07548,clocks
INV00413,desktop
INV06861,smartphone
INV05614,notebook
INV08913,headphone
INV00033,smartphone
INV01832,desktop
INV08122,clocks
INV07530,keyboard
INV05361,desktop
INV03745,smartphone
INV03183,clocks
INV08218,key_board
INV05907,desktop
INV08917,notebook
INV05018,headphone
INV00520,tv
INV03032,smartphone
INV09462,notebook
INV07446,monitor
INV03187,headphone
INV06527,smartphone
INV03343,clocks
INV09119,smartphone
INV00501,desktop
INV09306,mouse
INV09834,monitor
INV04532,monitor
INV06470,headphone
INV06383,mouse
INV01833,notebook
INV03420,notebook
INV08420,mouse
INV06947,mouse
INV01107,mouse
INV06223,keyboard
INV05189,keyboard
INV09974,smartphone
INV05494,
INV06013,mouse
INV01295,notebook
INV00284,key_board
INV02808,tv
INV03915,smartphone
INV00343,mouse
INV03358,smartphone
INV06743,notebook
INV08167,mouse
INV08192,mouse
INV04654,monitor
INV00100,mouse
INV02434,mouse
INV02058,smartphone
INV02291,headphone
INV04742,notebook
INV03069,desktop
INV02838,clocks
INV07986,clocks
INV05711,keyboard
INV08418,headphone
INV04413,mouse
INV08153,clocks
INV07141,keyboard
INV07036,clocks
INV06062,mouse
INV02114,desktop
INV01765,clocks
INV00076,desktop
INV03168,mouse
INV00635,tv
INV00074,monitor
INV01172,clocks
INV09416,clocks
INV08895,monitor
INV04277,smartphone
INV01407,smartphone
INV03400,monitor
INV07468,keyboard
INV00804,clocks
INV02672,notebook
INV05595,smartphone
INV06058,smartphone
INV03762,notebook
INV08542,smartphone
INV04950,clocks
INV00600,clocks
INV07946,keyboard
INV06024,tv
INV03019,desktop
INV03792,smartphone
INV07892,keyboard
INV08483,smartphone
INV08197,headphone
INV08789,notebook
INV02111,mouse
INV03162,clocks
INV03508,smartphone
INV02625,desktop
INV02911,mouse
INV07505,mouse
INV05926,keyboard
INV09804,headphone
INV06183,clocks
INV00935,monitor
INV02708,monitor
INV00396,smartphone
INV09357,desktop
INV06308,notebook
INV08265,printer
INV07623,mouse
INV06281,tablet
INV07712,clocks
INV07645,clocks
INV05698,desktop
INV09409,printer
INV08793,notebook
INV01605,smartphone
INV02074,clocks
INV06291,tablet
INV09444,smartphone
INV06756,keyboard
INV07850,clocks
INV07801,desktop
INV03273,headphone
INV06415,clocks
INV08089,keyboard
INV04606,notebook
INV09584,mouse
INV07052,smartphone
INV03119,tablet
INV04916,headphone
INV00958,smartphone
INV06868,mouse
INV09120,smartphone
INV09976,smartphone
INV04020,mouse
INV09157,headphone
INV07240,notebook
INV08038,notebook
INV03922,monitor
INV08696,mouse
INV03410,clocks
INV06056,keyboard
INV08924,mouse
INV00582,monitor
INV04032,headphone
INV09637,notebook
INV05481,mouse
INV02400,mouse
INV04739,smartphone
INV07994,mouse
INV00575,keyboard
INV08906,notebook
INV03775,smartphone
INV09700,notebook
INV04247,mouse
INV01743,mouse
INV08090,mouse
INV08824,notebook
INV09801,mouse
INV07681,headphone
INV09993,smartphone
INV07639,notebook
INV04391,printer
INV04934,desktop
INV09392,mouse
INV09704,smartphone
INV04754,mouse
INV06498,smartphone
INV01738,clocks
INV03573,headphone
INV08586,mouse
INV05968,mouse
INV08025,keyboard
INV05523,mouse
INV08235,smartphone
INV03506,smartphone
INV00248,notebook
INV01055,headphone
INV00773,notebook
INV05114,notebook
INV09860,notebook
INV02506,desktop
INV05757,monitor
INV09520,keyboard
INV05637,desktop
INV09588,notebook
INV06754,smartphone
INV07746,
INV03596,mouse
INV02844,smatphone
INV03683,smartphone
INV03303,mouse
INV05838,clocks
INV09829,printer
INV00782,mouse
INV02897,tv
INV01653,clocks
INV04399,smartphone
INV02671,keyboard
INV08068,desktop
INV06510,monitor
INV03225,notebook
INV07864,keyboard
INV05793,monitor
INV02748,monitor
INV01713,mouse
INV05088,headphone
INV05644,smartphone
INV09698,mouse
INV02509,desktop
INV05864,notebook
INV01803,desktop
INV04941,key_board
INV06908,keyboard
INV06375,monitor
INV02236,mouse
INV06741,tv
INV01037,smartphone
INV03067,keyboard
INV00096,tablet
INV06712,smartphone
INV04718,clocks
INV08513,notebook
INV00365,headphone
INV05694,keyboard
INV05210,keyboard
INV05521,smartphone
INV03442,clocks
INV08369,mouse
INV04149,keyboard
INV04578,smartphone
INV02888,smartphone
INV07243,clocks
INV08048,notebook
INV09862,keyboard
INV02512,notebook
INV03154,note_book
INV05757,desktop
INV04177,printer
INV05457,notebook
INV04883,headphone
INV03656,mouse
INV06187,keyboard
INV04935,keyboard
INV00781,smartphone
INV04146,headphone
INV07845,keyboard
INV03838,mouse
INV07387,mouse
INV04657,smartphone
INV03779,mouse
INV01522,headphone
INV03261,mouse
INV00507,tv
INV09418,notebook
INV00308,tablet
INV04135,monitor
INV07842,keyboard
INV00616,notebook
INV02724,desktop
INV03688,clocks
INV05002,notebook
INV05576,mouse
INV07734,mouse
INV09756,clocks
INV09882,smartphone
INV07493,smartphone
INV06430,monitor
INV03452,headphone
INV01461,clocks
INV00238,smartphone
INV02438,monitor
INV07337,desktop
INV07635,monitor
INV02894,clocks
INV03632,mouse
INV07601,keyboard
INV08030,keyboard
INV02578,smartphone
INV00185,keyboard
INV04350,desktop
INV04926,smartphone
INV09765,clocks
INV02706,desktop
INV02584,smartphone
INV05064,mouse
INV05293,monitor
INV03857,clocks
INV09050,mouse
INV00335,desktop
INV04744,notebook
INV00041,keyboard
INV02596,mouse
INV03543,clocks
INV01291,desktop
INV04599,monitor
INV05532,smartphone
INV05023,headphone
INV06657,desktop
INV09713,smartphone
INV04142,notebook
INV02712,clocks
INV04845,mouse
INV02960,keyboard
INV03060,smartphone
INV04823,mouse
INV00625,
INV08733,mause
INV09595,notebook
INV01054,smartphone
INV02625,keyboard
INV08650,monitor
INV03507,keyboard
INV00899,smartphone
INV01533,mouse
INV06893,headphone
INV08395,headphone
INV08092,headphone
INV07732,desktop
INV08601,smartphone
INV03497,mouse
INV01092,headphone
INV04520,headphone
INV02266,notebook
INV02644,smartphone
INV00074,desktop
INV05247,desktop
INV02345,monitor
INV04150,mouse
INV02973,notebook
INV00724,smartphone
INV09915,headphone
INV06664,notebook
INV00486,notebook
INV04427,mouse
INV02958,headphone
INV08800,smartphone
INV06372,notebook
INV01326,keyboard
INV02716,mouse
INV01455,notebook
INV09222,headphone
INV08713,desktop
INV04682,headphone
INV02121,headphone
INV06807,clocks
INV07964,notebook
INV08267,mouse
INV07590,notebook
INV02585,clocks
INV04768,clocks
INV05561,mouse
INV00681,smartphone
INV00084,mouse
INV05871,headphone
INV05947,headphone
INV06118,clocks
INV06356,smartphone
INV02059,clocks
INV06415,smartphone
INV02326,clocks
INV03084,clocks
INV02363,mouse
INV08814,notebook
INV09897,mouse
INV03825,mouse
INV04278,mouse
INV06703,headphone
INV08173,headphone
INV08342,headphone
INV08310,keyboard
INV01038,mouse
INV09745,smartphone
INV00359,tv
INV05987,headphone
INV04182,mouse
INV09664,smartphone
INV02368,monitor
INV00238,clocks
INV08111,headphone
INV07672,clocks
INV08726,headphone
INV03626,smartphone
INV07336,tablet
INV05280,monitor
INV01079,printer
INV07355,monitor
INV08784,monitor
INV00984,notebook
INV02487,notebook
INV08413,notebook
INV07713,notebook
INV07450,desktop
INV02088,headphone
INV01622,notebook
INV09945,notebook
INV02815,desktop
INV02980,keyboard
INV03819,notebook
INV04996,headphone
INV02509,keyboard
INV00229,notebook
INV07082,smartphone
INV05189,notebook
INV08959,desktop
INV07476,monitor
INV05067,keyboard
INV00207,keyboard
INV03442,headphone
INV09531,desktop
INV03856,smartphone
INV07347,desktop
INV06626,keyboard
INV06479,keyboard
INV07185,keyboard
INV08019,mouse
INV05398,smartphone
INV03477,monitor
INV06066,clocks
INV08781,headphone
INV05032,monitor
INV08020,smartphone
INV07993,mouse
INV09477,desktop
INV09001,tv
INV06411,monitor
INV08412,monitor
INV04430,mouse
INV03327,clocks
INV06370,keyboard
INV03705,keyboard
INV04173,desktop
INV06995,clocks
INV05956,smartphone
INV02161,headphone
INV05401,smartphone
INV04401,headphone
INV05372,monitor
INV05052,mouse
INV08599,smartphone
INV06446,desktop
INV09032,desktop
INV01090,smartphone
INV02687,mouse
INV02522,headphone
INV09934,keyboard
INV01996,mouse
INV06033,smartphone
INV09743,keyboard
INV07028,notebook
INV01475,desktop
INV01666,clocks
INV09485,printer
INV07836,notebook
INV03031,mouse
INV06071,notebook
INV04373,notebook
INV07672,headphone
INV02506,monitor
INV08891,headphone
INV04334,monitor
INV07662,smartphone
INV00163,headphone
INV09262,desktop
INV08582,smartphone
INV09581,keyboard
INV01621,smartphone
INV08840,desktop
INV08171,tv
INV07749,notebook
INV02648,monitor
INV04287,tablet
INV07319,keyboard
INV06535,desktop
INV04332,mouse
INV07730,notebook
INV07212,keyboard
INV04136,headphone
INV02505,notebook
INV00689,clocks
INV00864,notebook
INV03617,
INV02959,monitor
INV04254,headphone
INV04305,clocks
INV09349,mouse
INV01149,smartphone
INV00451,notebook
INV05881,monitor
INV01557,mouse
INV07802,clocks
INV06174,mouse
INV02961,smartphone
INV09511,mouse
INV02009,clocks
INV06117,smartphone
INV04386,
INV02098,mouse
INV03703,smartphone
INV00179,keyboard
INV08310,notebook
INV09979,smartphone
INV00482,smartphone
INV09234,desktop
INV00881,headphone
INV02455,headphone
INV01272,mouse
INV05500,smartphone
INV04889,keyboard
INV06254,desktop
INV09260,mouse
INV04274,desktop
INV06501,monitor
INV03367,notebook
INV08094,clocks
INV00636,notebook
INV03395,keyboard
INV04207,notebook
INV01429,notebook
INV00850,smartphone
INV02801,mouse
INV08763,smartphone
INV00129,smartphone
INV02887,notebook
INV07765,desktop
INV03662,mouse
INV00107,keyboard
INV02285,keyboard
INV01618,desktop
INV08736,mouse
INV00805,keyboard
INV01828,notebook
INV08896,mouse
INV07823,tv
INV06782,headphone
INV08874,clocks
INV00194,notebook
INV02268,keyboard
INV09967,desktop
INV09633,headphone
INV00787,smartphone
INV05866,tablet
INV06081,desktop
INV05326,notebook
INV00048,mouse
INV04379,headphone
INV04720,headphone
INV01147,smartphone
INV07151,headphone
INV04570,mause
INV03513,mouse
INV05914,clocks
INV04377,smartphone
INV04644,headphone
INV04649,desktop
INV07153,desktop
INV06805,mause
INV03055,tv
INV08136,monitor
INV01317,keyboard
INV00054,mouse
INV00273,clocks
INV04444,desktop
INV02032,desktop
INV07634,keyboard
INV02399,clocks
INV04633,clocks
INV00163,smartphone
INV03100,keyboard
INV05026,mouse
INV05673,headphone
INV03003,smartphone
INV01675,notebook
INV03460,clocks
INV00725,headphone
INV01379,headphone
INV02880,smartphone
INV07446,desktop
INV03559,mouse
INV01221,headphone
INV09412,headphone
INV07359,clocks
INV08765,desktop
INV07715,headphone
INV02140,mouse
INV06061,smartphone
INV06749,smartphone
INV00569,mouse
INV09261,notebook
INV08535,smartphone
INV09270,smartphone
INV00888,smartphone
INV04079,mouse
INV00960,monitor
INV08718,desktop
INV05066,headphone
INV08216,keyboard
INV03250,keyboard
INV07256,monitor
INV08605,smartphone
INV09693,smartphone
INV04117,clocks
INV09176,clocks
INV08208,keyboard
INV01488,mouse
INV03051,notebook
INV03958,smartphone
INV04212,mouse
INV02725,headphone
INV05671,smartphone
INV00650,notebook
INV09425,clocks
INV02710,smartphone
INV09481,mouse
INV04545,keyboard
INV02708,mouse
INV02772,smartphone
INV08754,clocks
INV09363,clocks
INV07109,clocks
INV05372,mouse
INV09620,tv
INV03905,clocks
INV07049,clocks
INV01078,mouse
INV06722,smartphone
INV08817,keyboard
INV05095,notebook
INV04646,mouse
INV04251,notebook
INV07678,clocks
INV03442,smartphone
INV04452,headphone
INV00357,headphone
INV07222,clocks
INV00476,smartphone
INV03152,
INV02196,notebook
INV08965,clocks
INV02468,clocks
INV05033,desktop
INV09165,smartphone
INV08786,smartphone
INV09744,smartphone
INV07757,desktop
INV09211,clocks
INV08068,monitor
INV06392,headphone
INV08280,mouse
INV00858,clocks
INV07977,clocks
INV05492,headphone
INV09070,clocks
INV02807,mouse
INV01619,clocks
INV01553,headphone
INV00959,keyboard
INV00813,monitor
INV05171,monitor
INV01602,mouse
INV08595,desktop
INV04023,notebook
INV02526,smartphone
INV07687,
INV01005,keyboard
INV07285,tablet
INV06493,keyboard
INV03039,clocks
INV06327,
INV06929,tv
INV06332,notebook
INV03535,smartphone
INV00805,notebook
INV09247,mouse
INV04499,smartphone
INV09769,mouse
INV05064,monitor
INV07648,headphone
INV06329,notebook
INV05220,smartphone
INV06567,
INV04757,clocks
INV02427,headphone
INV09759,mouse
INV03329,headphone
INV00518,mouse
INV03378,headphone
INV00493,clocks
INV04470,notebook
INV01553,smartphone
INV07678,headphone
INV02210,clocks
INV07808,notebook
INV05993,notebook
INV03282,smartphone
INV04368,smartphone
INV09748,keyboard
INV05751,mouse
INV03381,smartphone
INV01796,monitor
INV00333,mouse
INV01371,clocks
INV08179,mouse
INV06240,notebook
INV06802,smartphone
INV00903,smartphone
INV01742,smartphone
INV07917,headphone
INV03956,clocks
INV07518,desktop
INV02065,smartphone
INV06326,mouse
INV03764,desktop
INV01022,mouse
INV06512,keyboard
INV03772,headphone
INV04917,monitor
INV00932,desktop
INV09933,mouse
INV02345,keyboard
INV00851,mouse
INV06477,smartphone
INV03973,headphone
INV03908,printer
INV06276,clocks
INV03187,smatphone
INV02420,keyboard
INV00322,smartphone
INV02344,clocks
INV00433,desktop
INV08047,mouse
INV06791,desktop
INV04163,smartphone
INV02906,monitor
INV07959,smartphone
INV03514,desktop
INV03166,clocks
INV06705,mouse
INV07901,mouse
INV07913,monitor
INV06680,tablet
INV02673,notebook
INV02818,keyboard
INV00252,
INV06829,smartphone
INV06177,headphone
INV02968,mouse
INV00959,mouse
INV05180,clocks
INV07877,clocks
INV01312,mouse
INV01973,mouse
INV03053,keyboard
INV06544,mouse
INV09645,keyboard
INV00707,desktop
INV08560,headphone
INV06233,desktop
INV08992,smartphone
INV07018,desktop
INV00454,headphone
INV00683,clocks
INV08506,clocks
INV04313,tablet
INV01614,smartphone
INV04465,headphone
INV04495,headphone
INV07150,monitor
INV04752,headphone
INV03426,smartphone
INV01248,smartphone
INV05947,smartphone
INV00616,mouse
INV01870,notebook
INV03756,monitor
INV02539,
INV00158,smartphone
INV02572,keyboard
INV02928,clocks
INV00160,monitor
INV03869,clocks
INV02031,notebook
INV07114,mouse
INV00490,keyboard
INV07631,headphone
INV02875,smartphone
INV00354,mouse
INV00158,clocks
INV04887,desktop
INV02814,monitor
INV01748,mouse
INV06686,desktop
INV06895,clocks
INV00552,notebook
INV08460,mouse
INV02073,smartphone
INV02900,clocks
INV08979,clocks
INV08819,keyboard
INV02082,mouse
INV00606,monitor
INV06602,key_board
INV02369,monitor
INV06125,notebook
INV04561,monitor
INV07926,headphone
INV02571,keyboard
INV07185,desktop
INV01684,smartphone
INV08067,clocks
INV08303,mouse
INV04302,mouse
INV02061,tv
INV00141,desktop
INV02674,headphone
INV08455,mouse
INV07401,keyboard
INV00078,mouse
INV08898,headphone
INV01200,headphone
INV09814,mouse
INV03617,headphone
INV03632,monitor
INV04715,desktop
INV02000,headphone
INV03843,smartphone
INV00328,
INV05250,headphone
INV03219,notebook
INV06145,headphone
INV09572,desktop
INV07349,desktop
INV08503,notebook
INV05291,desktop
INV02158,mouse
INV00744,keyboard
INV03837,smartphone
INV07421,mouse
INV05977,smartphone
INV04394,notebook
INV03091,monitor
INV00048,notebook
INV04177,monitor
INV09581,monitor
INV00680,headphone
INV02201,keyboard
INV08623,notebook
INV01024,smartphone
INV06502,monitor
INV02691,desktop
INV01449,monitor
INV02397,keyboard
INV05952,keyboard
INV07652,mouse
INV08297,tv
INV00398,monitor
INV09980,clocks
INV04656,keyboard
INV02654,smatphone
INV03875,desktop
INV03763,desktop
INV08515,mouse
INV07715,
INV01793,clocks
INV07859,notebook
INV08758,keyboard
INV01696,headphone
INV04569,smartphone
INV06872,smartphone
INV03830,notebook
INV07694,monitor
INV01323,notebook
INV08310,notebook
INV07301,mouse
INV03441,mouse
INV03462,mouse
INV03721,smartphone
INV09390,desktop
INV03088,desktop
INV05413,mouse
INV00879,desktop
INV03310,mouse
INV04686,mouse
INV00354,notebook
INV03181,tablet
INV03156,tablet
INV01287,notebook
INV03451,monitor
INV04216,notebook
INV08522,mouse
INV05700,clocks
INV03069,monitor
INV09545,desktop
INV08749,monitor
INV04830,headphone
INV05512,notebook
INV05120,monitor
INV08044,mouse
INV06042,smartphone
INV09903,mouse
INV05040,keyboard
INV06615,smartphone
INV03715,clocks
INV01148,clocks
INV05806,notebook
INV04476,monitor
INV00959,desktop
INV08245,mouse
INV01985,clocks
INV07315,keyboard
INV04051,tv
INV03815,smatphone
INV06728,smartphone
INV05858,smartphone
INV04229,headphone
INV01278,smartphone
INV03149,mouse
INV02963,headphone
INV03729,smartphone
INV09018,keyboard
INV09793,headphone
INV01080,notebook
INV07769,smartphone
INV04883,tv
INV08762,notebook
INV02217,keyboard
INV07451,tv
INV05673,smartphone
INV08231,smartphone
INV08083,clocks
INV00614,headphone
INV04361,mouse
INV09112,mouse
INV09527,headphone
INV06379,notebook
INV06834,clocks
INV02525,smartphone
INV02399,notebook
INV03899,mouse
INV02771,smartphone
INV05808,smartphone
INV05971,smartphone
INV02199,keyboard
INV00503,clocks
INV08989,notebook
INV03446,headphone
INV06953,notebook
INV04270,smartphone
INV06174,desktop
INV02869,notebook
INV05946,notebook
INV01167,clocks
INV03028,headphone
INV00656,notebook
INV09963,mouse
INV04271,smartphone
INV08505,keyboard
INV00075,smartphone
INV01049,notebook
INV06009,mouse
INV07764,smartphone
INV09353,notebook
INV01658,headphone
INV01480,keyboard
INV05676,clocks
INV06288,mouse
INV00657,desktop
INV00052,smartphone
INV07575,smartphone
INV01666,clocks
INV01504,smartphone
INV09772,notebook
INV08344,notebook
INV06380,mouse
INV07122,desktop
INV04079,desktop
INV03103,headphone
INV05802,desktop
INV05879,headphone
INV07993,notebook
INV04244,clocks
INV04049,mouse
INV01405,clocks
INV04622,mouse
INV00392,tablet
INV01840,tv
INV08402,mouse
INV07602,monitor
INV02935,mouse
INV07481,mouse
INV04492,clocks
INV09385,mouse
INV08990,smartphone
INV01159,keyboard
INV00863,headphone
INV08687,mouse
INV07412,desktop
INV02056,clocks
INV08865,keyboard
INV05669,smartphone
INV02166,headphone
INV07840,mouse
INV00921,monitor
INV01256,notebook
INV08014,notebook
INV00818,note_book
INV02522,headphone
INV03635,headphone
INV02341,smatphone
INV00099,keyboard
INV08667,smartphone
INV02334,keyboard
INV07611,clocks
INV01891,clocks
INV07866,smartphone
INV02619,clocks
INV03105,headphone
INV05480,smartphone
INV03728,headphone
INV06943,printer
INV07951,smartphone
INV01626,keyboard
INV01704,notebook
INV08947,keyboard
INV07477,keyboard
INV04885,smartphone
INV03814,smartphone
INV09153,desktop
INV00943,monitor
INV01403,smartphone
INV02261,smartphone
INV07730,mouse
INV08713,smartphone
INV01171,headphone
INV06720,smartphone
INV03062,notebook
INV08023,tablet
INV02685,notebook
INV06447,desktop
INV04474,printer
INV02054,notebook
INV05853,notebook
INV02573,keyboard
INV05984,printer
INV00277,notebook
INV08702,mouse
INV09923,notebook
INV00602,notebook
INV08462,notebook
INV06340,mause
INV06681,notebook
INV06512,mouse
INV04697,mouse
INV00538,notebook
INV00919,keyboard
INV02891,tv
INV08917,keyboard
INV05111,desktop
INV01161,headphone
INV05935,clocks
INV00246,notebook
INV06918,notebook
INV05512,keyboard
INV03243,keyboard
INV09411,headphone
INV07659,notebook
INV03811,smartphone
INV05907,mouse
INV05345,headphone
INV08604,mouse
INV05833,smartphone
INV03341,clocks
INV08143,smartphone
INV09791,smartphone
INV00925,clocks
INV06547,clocks
INV05097,headphone
INV09402,notebook
INV06020,smartphone
INV05278,mouse
INV00323,mouse
INV08978,smartphone
INV03659,tv
INV07994,keyboard
INV07754,headphone
INV05528,mouse
INV09444,headphone
INV09553,printer
INV04784,notebook
INV09536,keyboard
INV06283,smartphone
INV03488,headphone
INV01493,headphone
INV08563,desktop
INV05059,desktop
INV06397,smartphone
INV04014,mouse
INV06361,keyboard
INV09434,clocks
INV06219,mouse
INV05698,monitor
INV05289,monitor
INV01177,mouse
INV07253,headphone
INV01268,mouse
INV08394,notebook
INV09078,notebook
INV01213,monitor
INV08911,monitor
INV09249,desktop
INV09489,smartphone
INV02391,monitor
INV04267,mouse
INV06586,keyboard
INV05367,smartphone
INV03247,mouse
INV02128,notebook
INV08847,notebook
INV05067,monitor
INV03962,headphone
INV07021,monitor
INV06956,headphone
INV01094,clocks
INV00533,keyboard
INV03377,notebook
INV03474,mouse
INV07321,headphone
INV00981,smartphone
INV09671,
INV00090,notebook
INV00403,smartphone
INV03867,mouse
INV09675,keyboard
INV07292,note_book
INV06484,smatphone
INV03803,notebook
INV05991,keyboard
INV04987,headphone
INV02610,notebook
INV02203,keyboard
INV02898,notebook
INV04259,monitor
INV04907,desktop
INV00814,mouse
INV08223,clocks
INV02082,keyboard
INV07345,smartphone
INV04364,mouse
INV02933,notebook
INV00902,notebook
INV08205,tablet
INV06049,headphone
INV05560,mouse
INV04205,smartphone
INV08673,mouse
INV07129,notebook
INV03274,mouse
INV06791,mouse
INV07482,keyboard
INV07001,headphone
INV06955,mouse
INV06532,notebook
INV04948,desktop
INV01731,desktop
INV04176,
INV05130,smartphone
INV06306,keyboard
INV06204,notebook
INV02683,mouse
INV06848,notebook
INV07412,keyboard
INV05675,smartphone
INV09354,headphone
INV08800,clocks
INV07292,mouse
INV01887,notebook
INV02582,mouse
INV05034,notebook
INV00434,mouse
INV05174,notebook
INV09929,clocks
INV07541,headphone
INV03992,smartphone
INV06935,headphone
INV08556,headphone
INV01750,notebook
INV06351,mouse
INV00573,monitor
INV03486,notebook
INV06874,headphone
INV07148,desktop
INV01458,notebook
INV06640,printer
INV04796,headphone
INV06150,headphone
INV03854,headphone
INV08661,monitor
INV03356,keyboard
INV01018,keyboard
INV06932,tv
INV03215,desktop
INV03676,smartphone
INV02325,headphone
INV07140,monitor
INV00998,headphone
INV09625,smartphone
INV08811,keyboard
INV02885,monitor
INV01776,monitor
INV03770,smartphone
INV02877,notebook
INV08529,desktop
INV04318,mouse
INV07271,notebook
INV02361,headphone
INV03962,smartphone
INV04483,monitor
INV08744,mouse
INV01893,notebook
INV02380,notebook
INV08682,desktop
INV04106,smartphone
INV06263,clocks
INV06764,headphone
INV08436,headphone
INV02122,notebook
INV00533,mouse
INV05999,
INV02601,notebook
INV02724,keyboard
INV02780,mouse
INV04762,mouse
INV08184,smartphone
INV00017,keyboard
INV01917,keyboard
INV02690,smartphone
INV09424,keyboard
INV09327,clocks
INV09371,mouse
INV01499,keyboard
INV03640,notebook
INV06591,smartphone
INV02807,desktop
INV06870,keyboard
INV04107,headphone
INV03810,tv
INV02282,desktop
INV07538,desktop
INV04802,notebook
INV00488,clocks
INV01804,headphone
INV07755,desktop
INV00480,clocks
INV02245,headphone
INV04038,headphone
INV00571,monitor
INV01898,keyboard
INV09858,
INV04532,desktop
INV06784,smartphone
INV01961,mouse
INV00346,keyboard
INV03354,headphone
INV07343,smartphone
INV07106,smartphone
INV01306,keyboard
INV03945,desktop
INV04305,headphone
INV02644,headphone
INV00191,smartphone
INV07499,notebook
INV02200,mouse
INV05004,monitor
INV08348,clocks
INV00986,smartphone
INV06914,smartphone
INV08124,monitor
INV09037,keyboard
INV00105,keyboard
INV00351,mouse
INV01839,notebook
INV01266,smartphone
INV07935,desktop
INV04644,smartphone
INV08113,headphone
INV03981,headphone
INV00456,keyboard
INV08012,smartphone
INV00700,keyboard
INV09428,
INV00408,clocks
INV07629,headphone
INV01229,monitor
INV08103,mouse
INV08665,headphone
INV09595,keyboard
INV02480,tablet
INV08524,monitor
INV02296,notebook
INV08058,monitor
INV09165,headphone
INV08350,smartphone
INV00690,monitor
INV02019,desktop
INV01382,desktop
INV01526,smartphone
INV08001,smartphone
INV04035,clocks
INV04621,notebook
INV09786,notebook
INV08870,mouse
INV08210,notebook
INV05548,mouse
INV03285,headphone
INV00684,tablet
INV05083,headphone
INV06875,notebook
INV05039,keyboard
INV09289,headphone
INV08741,headphone
INV03798,mouse
INV05634,keyboard
INV06529,keyboard
INV01272,notebook
INV05201,notebook
INV09311,smartphone
INV05012,notebook
INV09232,smartphone
INV02345,desktop
INV01428,mouse
INV06645,keyboard
INV03423,headphone
INV09550,smatphone
INV04730,notebook
INV07270,mouse
INV08828,smartphone
INV07264,notebook
INV01059,desktop
INV03955,keyboard
INV09482,clocks
INV09426,notebook
INV05103,desktop
INV08773,headphone
INV03162,smartphone
INV07275,keyboard
INV04398,mouse
INV02691,monitor
INV01275,tv
INV02315,keyboard
INV07730,keyboard
INV08863,headphone
INV09136,notebook
INV07396,notebook
INV09863,headphone
INV07609,desktop
INV06423,smartphone
INV03520,monitor
INV04213,notebook
INV09219,clocks
INV08925,smartphone
INV06620,smartphone
INV00554,clocks
INV08077,headphone
INV09345,smatphone
INV05501,notebook
INV07841,monitor
INV00230,clocks
INV03136,printer
INV06249,notebook
INV00085,notebook
INV05584,headphone
INV07407,mouse
INV06927,smartphone
INV02891,printer
INV06305,monitor
INV08757,smartphone
INV04889,mouse
INV07414,smartphone
INV02857,clocks
INV02177,keyboard
INV03279,keyboard
INV08392,notebook
INV00811,clocks
INV04043,smartphone
INV08281,mouse
INV06849,headphone
INV01368,keyboard
INV09107,notebook
INV00096,smartphone
INV05699,headphone
INV06205,mouse
INV09254,printer
INV01736,smartphone
INV09093,clocks
INV09377,notebook
INV09954,smartphone
INV08459,mouse
INV09582,headphone
INV07969,notebook
INV09309,mouse
INV08863,smartphone
INV07617,notebook
INV04632,mouse
INV05001,smartphone
INV09879,desktop
INV04025,smartphone
INV00558,headphone
INV07208,headphone
INV01255,
INV07437,notebook
INV05849,smartphone
INV05712,keyboard
INV00595,clocks
INV02484,headphone
INV00326,smartphone
INV04319,notebook
INV06658,headphone
INV06270,smartphone
INV04760,tv
INV02851,mouse
INV03694,headphone
INV05236,smartphone
INV06939,mause
INV00643,keyboard
INV03962,headphone
INV05127,notebook
INV06797,notebook
INV01087,headphone
INV04341,keyboard
INV05173,mouse
INV07167,keyboard
INV01071,notebook
INV01790,notebook
INV06427,keyboard
INV02690,headphone
INV04632,keyboard
INV02466,notebook
INV04021,mouse
INV03439,monitor
INV02278,keyboard
INV02113,mouse
INV01480,desktop
INV03392,smartphone
INV06273,keyboard
INV03875,monitor
INV00266,smartphone
INV03491,tv
INV01040,monitor
INV07403,notebook
INV01806,
INV04339,smartphone
INV08168,notebook
INV05062,headphone
INV03695,headphone
INV08799,headphone
INV05519,notebook
INV09508,notebook
INV02728,notebook
INV01783,desktop
INV08165,keyboard
INV08085,smartphone
INV05569,monitor
INV08321,desktop
INV07979,monitor
INV07763,notebook
INV09496,smatphone
INV00302,desktop
INV02761,monitor
INV01457,notebook
INV03406,monitor
INV09026,headphone
INV02741,notebook
INV07773,monitor
INV03936,mouse
INV01611,headphone
INV03067,notebook
INV06552,keyboard
INV00055,smartphone
INV09189,smartphone
INV05929,mouse
INV00522,notebook
INV07872,keyboard
INV09898,tv
INV04884,monitor
INV04726,headphone
INV09990,monitor
INV04319,keyboard
INV03133,monitor
INV10000,headphone
INV00169,keyboard
INV02766,monitor
INV04901,mouse
INV09051,clocks
INV05147,smartphone
INV04549,keyboard
INV02651,keyboard
INV02277,clocks
INV05918,
INV00312,headphone
INV07717,tablet
INV09717,keyboard
INV01790,keyboard
INV05600,mouse
INV07601,
INV06996,desktop
INV05405,keyboard
INV03196,headphone
INV07329,headphone
INV01035,smartphone
INV03109,desktop
INV04589,clocks
INV05390,mouse
INV09180,mouse
INV05078,mause
INV04713,notebook
INV01375,keyboard
INV00461,smartphone
INV05654,mouse
INV07123,headphone
INV06700,smartphone
INV01009,mouse
INV03518,desktop
INV00223,keyboard
INV05209,clocks
INV05753,smartphone
INV05926,mouse
INV04099,headphone
INV00933,headphone
INV05175,notebook
INV06895,headphone
INV04109,notebook
INV04433,headphone
INV02016,clocks
INV07798,keyboard
INV02550,smartphone
INV06772,tablet
INV04227,keyboard
INV09195,keyboard
INV01912,notebook
INV08810,keyboard
INV07935,monitor
INV02373,smartphone
INV05839,mouse
INV08704,notebook
INV01296,headphone
INV01449,mouse
INV05513,mouse
INV01316,notebook
INV08998,smartphone
INV09060,desktop
INV09355,headphone
INV06485,desktop
INV01401,smartphone
INV03523,smartphone
INV07671,mouse
INV09528,keyboard
INV06125,keyboard
INV01125,smartphone
INV07901,desktop
INV08981,keyboard
INV07992,mouse
INV05433,smartphone
INV03840,keyboard
INV01633,headphone
INV07161,headphone
INV04746,smartphone
INV04942,smartphone
INV09854,headphone
INV09484,monitor
INV04358,notebook
INV03717,printer
INV04949,smartphone
INV09931,monitor
INV07179,keyboard
INV07033,mouse
INV02632,smartphone
INV08625,keyboard
INV07711,smartphone
INV04090,headphone
INV05207,mouse
INV08875,keyboard
INV07346,mouse
INV02295,mouse
INV00198,monitor
INV05284,
INV08267,keyboard
INV05896,monitor
INV08601,headphone
INV07601,monitor
INV03040,mouse
INV06820,monitor
INV06207,keyboard
INV07973,headphone
INV08751,desktop
INV00184,smartphone
INV00774,
INV05463,mouse
INV09630,mouse
INV05872,notebook
INV00203,desktop
INV01140,keyboard
INV03475,keyboard
INV09205,desktop
INV02051,keyboard
INV03120,headphone
INV04917,desktop
INV09865,monitor
INV00967,headphone
INV03576,tablet
INV04351,headphone
INV05871,smartphone
INV06258,monitor
INV02077,clocks
INV01798,notebook
INV05420,monitor
INV03085,mouse
INV03872,smartphone
INV02950,headphone
INV03959,notebook
INV09570,keyboard
INV06645,monitor
INV06917,desktop
INV02193,mouse
INV05716,tv
INV08598,headphone
INV06727,smartphone
INV00198,keyboard
INV04299,monitor
INV00798,notebook
INV02711,smartphone
INV03874,smartphone
INV05393,keyboard
INV07643,headphone
INV04226,clocks
INV01581,keyboard
INV04288,headphone
INV06067,keyboard
INV04540,notebook
INV09499,headphone
INV03379,smartphone
INV00922,notebook
INV09841,mouse
INV05901,mouse
INV02999,mouse
INV07656,clocks
INV00749,mouse
INV00543,printer
INV03123,notebook
INV01197,keyboard
INV07415,smartphone
INV09472,monitor
INV05938,smartphone
INV05912,monitor
INV06552,mouse
INV08418,smartphone
INV08877,headphone
INV02025,monitor
INV05475,desktop
INV06698,smartphone
INV01676,notebook
INV00170,headphone
INV07875,notebook
INV07391,mouse
INV09810,clocks
INV09446,mouse
INV08954,mouse
INV01463,keyboard
INV06236,mouse
INV07874,monitor
INV05121,clocks
INV08895,desktop
INV02149,desktop
INV06226,headphone
INV08812,notebook
INV05513,notebook
INV01626,mouse
INV01899,desktop
INV01368,mouse
INV00805,mouse
INV06041,headphone
INV08869,notebook
INV08389,notebook
INV01183,notebook
INV02889,smartphone
INV05027,smartphone
INV05982,smartphone
INV08100,smartphone
INV05559,desktop
INV02549,headphone
INV01916,clocks
INV03672,headphone
INV02843,smartphone
INV04284,printer
INV07909,clocks
INV05466,smartphone
INV08214,notebook
INV09338,keyboard
INV00650,keyboard
INV09568,smartphone
INV07620,headphone
INV08770,mouse
INV01767,smartphone
INV01807,headphone
INV06031,keyboard
INV01305,smartphone
INV03917,notebook
INV06738,desktop
INV05393,tv
INV07175,smartphone
INV04171,monitor
INV06318,keyboard
INV00792,smartphone
INV00680,clocks
INV03602,smartphone
INV08736,keyboard
INV00970,smartphone
INV07666,smartphone
INV09083,mouse
INV04565,keyboard
INV05993,keyboard
INV06357,mouse
INV01349,mouse
INV04487,headphone
INV03414,smartphone
INV01743,notebook
INV06594,tv
INV09291,monitor
INV04459,smartphone
INV05786,
INV00886,notebook
INV09260,notebook
INV07847,smartphone
INV04898,smartphone
INV01432,notebook
INV07290,headphone
INV05613,keyboard
INV00094,monitor
INV09803,mouse
INV08482,monitor
INV03495,monitor
INV06562,mouse
INV03862,clocks
INV01506,keyboard
INV08211,headphone
INV03223,desktop
INV00730,printer
INV05817,monitor
INV02754,smartphone
INV06589,clocks
INV02697,mouse
INV09201,smartphone
INV04536,keyboard
INV04885,headphone
INV02737,smartphone
INV06434,headphone
INV04521,tv
INV03586,mouse
INV08496,notebook
INV06973,clocks
INV01695,headphone
INV01868,mouse
INV05490,notebook
INV07698,clocks
INV00601,mouse
INV00391,smartphone
INV06683,headphone
INV01257,notebook
INV03391,keyboard
INV05637,keyboard
INV08349,headphone
INV00966,keyboard
INV05141,monitor
INV05123,mouse
INV04817,mouse
INV03927,keyboard
INV09179,notebook
INV00371,headphone
INV02094,notebook
INV02797,headphone
INV01141,mouse
INV04535,smartphone
INV04600,mouse
INV07074,headphone
INV05779,smartphone
INV05352,monitor
INV09143,mouse
INV04798,notebook
INV09814,notebook
INV09837,smartphone
INV04667,headphone
INV08665,smartphone
INV00299,mouse
INV00176,notebook
INV07142,notebook
INV03861,notebook
INV06645,mouse
INV03335,mouse
INV07157,notebook
INV03497,desktop
INV00379,headphone
INV03710,headphone
INV07478,desktop
INV06592,notebook
INV06433,smartphone
INV09408,smartphone
INV05740,smartphone
INV07838,desktop
INV09918,notebook
INV04556,keyboard
INV08907,smartphone
INV07431,keyboard
INV03193,headphone
INV01886,mouse
INV06581,keyboard
INV01596,headphone
INV08451,keyboard
INV06277,notebook
INV03938,notebook
INV02374,desktop
INV01880,mouse
INV05848,notebook
INV07018,mouse
INV09265,mouse
INV09884,mouse
INV05826,headphone
INV04370,smartphone
INV07707,
INV00432,monitor
INV04577,smartphone
INV02516,notebook
INV07331,keyboard
INV09949,smartphone
INV09895,desktop
INV00994,headphone
INV05916,headphone
INV06747,headphone
INV04637,monitor
INV05245,smartphone
INV09936,monitor
INV02832,monitor
INV04649,keyboard
INV05405,desktop
INV08042,keyboard
INV09516,smartphone
INV04432,clocks
INV06203,monitor
INV06571,keyboard
INV07546,monitor
INV03121,mouse
INV02547,keyboard
INV09244,keyboard
INV09340,headphone
INV08123,smartphone
INV00649,notebook
INV04337,mouse
INV07434,smartphone
INV04302,desktop
INV01897,notebook
INV08773,clocks
INV05882,desktop
INV03519,mouse
INV04744,mouse
INV03186,mouse
INV06299,keyboard
INV03574,smartphone
INV05196,smartphone
INV04589,headphone
INV09518,
INV00358,desktop
INV04692,keyboard
INV09148,monitor
INV07136,monitor
INV02765,mouse
INV09276,desktop
INV02837,smartphone
INV01233,smartphone
INV07356,clocks
INV08367,clocks
INV09014,headphone
INV07455,keyboard
INV00059,mouse
INV08549,keyboard
INV09536,mouse
INV09673,notebook
INV00342,keyboard
INV00853,desktop
INV02539,keyboard
INV02606,notebook
INV03822,smartphone
INV03066,notebook
INV02555,smartphone
INV05755,tablet
INV04583,headphone
INV03539,smartphone
INV02742,tablet
INV00910,notebook
INV04999,keyboard
INV07542,headphone
INV00810,notebook
INV08221,mouse
INV03177,smartphone
INV09143,keyboard
INV04421,notebook
INV00251,notebook
INV01439,keyboard
INV04609,clocks
INV06486,keyboard
INV01402,mouse
INV02718,headphone
INV02547,notebook
INV08135,keyboard
INV08532,desktop
INV01827,keyboard
INV06495,desktop
INV03037,notebook
INV01654,keyboard
INV08938,monitor
INV05325,monitor
INV05409,notebook
INV03773,mouse
INV05941,headphone
INV03451,mouse
INV04078,notebook
INV00078,notebook
INV09946,keyboard
INV05461,smartphone
INV03138,headphone
INV01185,smartphone
INV03335,keyboard
INV09098,smartphone
INV03931,smartphone
INV06271,keyboard
INV08082,keyboard
INV03817,mouse
INV07034,notebook
INV08748,keyboard
INV09207,clocks
INV00126,mouse
INV08365,notebook
INV07587,notebook
INV04764,notebook
INV04187,notebook
INV06314,printer
INV04973,keyboard
INV04306,notebook
INV07743,mouse
INV08778,keyboard
INV08464,mouse
INV07146,notebook
INV09577,headphone
INV08643,mouse
INV04522,clocks
INV09619,mouse
INV09230,mouse
INV02005,notebook
INV05898,smartphone
INV02373,headphone
INV03244,smartphone
INV09727,notebook
INV05154,headphone
INV00653,mouse
INV04904,notebook
INV00092,clocks
INV02180,desktop
INV05216,monitor
INV06193,monitor
INV09056,smartphone
INV09000,keyboard
INV00005,smartphone
INV01762,keyboard
INV06889,headphone
INV05023,clocks
INV02334,monitor
INV09185,mouse
INV00890,keyboard
INV09520,monitor
INV00959,monitor
INV07906,smartphone
INV05252,keyboard
INV02732,monitor
INV00152,notebook
INV09694,keyboard
INV02336,monitor
INV06718,notebook
INV08450,keyboard
INV08856,monitor
INV03853,smartphone
INV07899,printer
INV09414,smartphone
INV07916,desktop
INV00840,monitor
INV01587,monitor
INV08103,headphone
INV00212,mouse
INV00317,mouse
INV00018,headphone
INV07790,mouse
INV06043,headphone
INV08767,smartphone
INV04661,headphone
INV07736,notebook
INV02967,keyboard
INV03721,clocks
INV02198,clocks
INV06406,smatphone
INV01711,clocks
INV04979,desktop
INV03014,smartphone
INV08138,printer
INV05363,clocks
INV03424,mouse
INV04148,smartphone
INV04777,mouse
INV06508,smartphone
INV07943,clocks
INV05148,headphone
INV09878,smartphone
INV02603,keyboard
INV05567,monitor
INV06920,monitor
INV09075,smartphone
INV02453,smartphone
INV01979,clocks
INV03072,notebook
INV08206,notebook
INV04266,headphone
INV02334,mouse
INV05470,notebook
INV07060,keyboard
INV00769,headphone
INV02911,notebook
INV04064,smartphone
INV05749,headphone
INV04962,monitor
INV08825,keyboard
INV07094,keyboard
INV07191,keyboard
INV05900,smartphone
INV08210,keyboard
INV08783,smartphone
INV08501,headphone
INV07562,smartphone
INV01670,mouse
INV01227,smartphone
INV03074,keyboard
INV09660,smartphone
INV04357,mouse
INV09672,smartphone
INV06606,notebook
INV03801,printer
INV06519,smartphone
INV07198,desktop
INV03400,mouse
INV09493,notebook
INV03685,notebook
INV02770,keyboard
INV04994,mouse
INV01392,smartphone
INV06470,smartphone
INV04213,
INV06882,mouse
INV06361,notebook
INV01528,headphone
INV00679,notebook
INV02477,headphone
INV05278,keyboard
INV08613,monitor
INV03587,keyboard
INV01715,clocks
INV01144,clocks
INV03699,clocks
INV03493,headphone
INV00354,keyboard
INV03261,desktop
INV03919,keyboard
INV00571,desktop
INV03994,keyboard
INV01664,desktop
INV09855,clocks
INV08066,notebook
INV06964,headphone
INV04330,headphone
INV06568,clocks
INV01457,mouse
INV06259,desktop
INV07408,note_book
INV06399,keyboard
INV08710,desktop
INV09511,notebook
INV01145,smartphone
INV00201,headphone
INV05505,headphone
INV07803,mouse
INV05852,smartphone
INV04137,keyboard
INV02409,clocks
INV06571,mouse
INV01304,mouse
INV09973,desktop
INV04639,smartphone
INV09840,desktop
INV03059,desktop
INV09440,mouse
INV09846,monitor
INV05234,mouse
INV09686,keyboard
INV07773,keyboard
INV06113,monitor
INV09323,mouse
INV05649,desktop
INV04333,monitor
INV02117,notebook
INV03362,desktop
INV00020,desktop
INV03613,mouse
INV07027,mouse
INV01693,smartphone
INV03270,mouse
INV08484,smartphone
INV04584,keyboard
INV05687,smartphone
INV00523,clocks
INV03985,smartphone
INV09515,mouse
INV00262,tv
INV06103,keyboard
INV03058,smartphone
INV03994,desktop
INV06838,mouse
INV03278,notebook
INV09591,clocks
INV00063,smartphone
INV05306,smartphone
INV01634,smartphone
INV08951,monitor
INV00748,mouse
INV00440,smartphone
INV08390,smartphone
INV01935,clocks
INV01471,headphone
INV02297,notebook
INV00960,desktop
INV07182,smartphone
INV09037,mouse
INV04372,keyboard
INV00062,notebook
INV01907,headphone
INV06425,notebook
INV08093,
INV05241,
INV05851,smartphone
INV09634,clocks
INV07765,keyboard
INV06512,notebook
INV09911,smartphone
INV03931,headphone
INV03410,tablet
INV07220,notebook
INV07572,notebook
INV06299,notebook
INV04674,notebook
INV01578,smartphone
INV04281,tablet
INV06361,mouse
INV01217,smartphone
INV03035,
INV05845,keyboard
INV05996,monitor
INV06276,smartphone
INV06785,smartphone
INV07534,notebook
INV05197,clocks
INV03823,clocks
INV09641,notebook
INV05976,desktop
INV05709,clocks
INV03815,headphone
INV00870,headphone
INV03962,clocks
INV06119,keyboard
INV05215,keyboard
INV07646,monitor
INV09977,headphone
INV03886,mouse
INV05062,smartphone
INV02461,notebook
INV06010,headphone
INV01656,key_board
INV03644,headphone
INV09048,keyboard
INV09082,desktop
INV09733,smartphone
INV03821,note_book
INV06550,keyboard
INV05119,mouse
INV00765,keyboard
INV09357,monitor
INV03180,notebook
INV08850,smartphone
INV09561,keyboard
INV05229,monitor
INV07441,desktop
INV02225,notebook
INV08737,monitor
INV08412,desktop
INV02768,mouse
INV08207,keyboard
INV03706,monitor
INV06297,monitor
INV09377,mouse
INV02396,clocks
INV06465,desktop
INV01678,keyboard
INV06128,notebook
INV06770,notebook
INV00206,desktop
INV00260,smartphone
INV07627,desktop
INV02100,notebook
INV08722,keyboard
INV03113,smartphone
INV04381,
INV02130,smartphone
INV03902,smartphone
INV00103,
INV07357,mouse
INV04721,monitor
INV07908,smartphone
INV07020,notebook
INV06017,headphone
INV00149,mouse
INV06580,smartphone
INV04322,smartphone
INV03319,smartphone
INV06917,keyboard
INV01218,clocks
INV06792,mouse
INV04222,headphone
INV00278,headphone
INV09832,headphone
INV06836,keyboard
INV01904,smartphone
INV02659,smartphone
INV07921,mouse
INV00043,desktop
INV03622,smartphone
INV05097,smartphone
INV09040,mouse
INV02033,keyboard
INV08353,mouse
INV01012,notebook
INV01150,monitor
INV04366,
INV06080,notebook
INV04170,notebook
INV05004,desktop
INV01265,keyboard
INV05660,notebook
INV05495,smartphone
INV03897,smartphone
INV04718,headphone
INV09031,keyboard
INV02209,notebook
INV06295,desktop
INV06257,mouse
INV02256,notebook
INV08022,desktop
INV07430,smartphone
INV02254,mouse
INV04722,mouse
INV04755,monitor
INV08871,notebook
INV04009,headphone
INV01157,note_book
INV08860,mouse
INV03588,notebook
INV06207,desktop
INV03292,mouse
INV08936,smartphone
INV06094,headphone
INV02493,note_book
INV09652,headphone
INV02303,smartphone
INV04964,smartphone
INV09302,clocks
INV02501,smartphone
INV09617,desktop
INV06297,desktop
INV07266,monitor
INV05074,monitor
INV09045,keyboard
INV02744,notebook
INV07009,clocks
INV04100,keyboard
INV00516,keyboard
INV03008,monitor
INV01023,notebook
INV04467,smartphone
INV03302,desktop
INV00436,mouse
INV04219,mouse
INV04048,tablet
INV03019,mouse
INV04059,monitor
INV02599,notebook
INV06432,smartphone
INV08817,keyboard
INV08895,mouse
INV00661,mouse
INV08473,notebook
INV08373,mouse
INV03272,notebook
INV01908,clocks
INV06154,notebook
INV05118,headphone
INV02442,monitor
INV08157,notebook
INV05402,mouse
INV00990,mouse
INV01903,smartphone
INV02669,mouse
INV09154,smartphone
INV09017,clocks
INV01984,clocks
INV09209,keyboard
INV00255,headphone
INV06860,desktop
INV08881,notebook
INV02752,desktop
INV08291,smartphone
INV06996,monitor
INV05648,mouse
INV03289,notebook
INV04441,notebook
INV07990,desktop
INV04518,smartphone
INV01437,tablet
INV00872,smartphone
INV01208,keyboard
INV09137,smartphone
INV00808,keyboard
INV05899,keyboard
INV09086,keyboard
INV02957,mouse
INV05704,desktop
INV01196,keyboard
INV03016,headphone
INV02320,headphone
INV09056,clocks
INV09655,keyboard
INV09930,headphone
INV06254,mouse
INV01258,monitor
INV06308,mouse
INV03260,headphone
INV05767,monitor
INV04734,mouse
INV03320,smartphone
INV01085,headphone
INV09557,printer
INV04230,keyboard
INV07288,mouse
INV01464,clocks
INV07527,smartphone
INV03850,mouse
INV04245,keyboard
INV09734,smartphone
INV05835,monitor
INV01478,smartphone
INV03758,mouse
INV04982,mouse
INV04145,notebook
INV09930,clocks
INV08782,smartphone
INV06039,keyboard
INV06951,headphone
INV03971,monitor
INV03652,desktop
INV02625,mouse
INV00900,keyboard
INV09454,monitor
INV07353,mouse
INV05431,clocks
INV02957,monitor
INV06078,clocks
INV02028,keyboard
INV03092,headphone
INV06637,keyboard
INV05164,notebook
INV05479,clocks
INV05605,mouse
INV00634,notebook
INV00316,notebook
INV04184,monitor
INV09995,smartphone
INV01461,smartphone
INV05626,
INV05359,notebook
INV09024,smartphone
INV05864,mouse
INV01432,printer
INV04422,
INV04666,notebook
INV03150,headphone
INV07387,notebook
INV09719,smartphone
INV03555,smartphone
INV09896,headphone
INV08714,notebook
INV03983,mouse
INV03161,keyboard
INV09827,notebook
INV01834,desktop
INV02264,mouse
INV03921,headphone
INV08107,clocks
INV08314,smartphone
INV03497,keyboard
INV07124,mouse
INV04920,
INV01276,mause
INV07302,clocks
INV07997,notebook
INV07629,smartphone
INV09028,smartphone
INV08445,mouse
INV01380,desktop
INV03955,mouse
INV02015,smartphone
INV01414,smartphone
INV05918,notebook
INV05349,notebook
INV06982,notebook
INV08674,printer
INV09035,mouse
INV01860,keyboard
INV09392,notebook
INV05693,printer
INV04930,mouse
INV02473,smartphone
INV00694,clocks
INV07589,smartphone
INV01953,keyboard
INV08547,notebook
INV05388,clocks
INV02952,notebook
INV00193,smartphone
INV01182,notebook
INV08318,headphone
INV08423,clocks
INV02268,monitor
INV07237,desktop
INV05134,notebook
INV08976,headphone
INV09163,key_board
INV00348,smartphone
INV02281,mouse
INV04852,smartphone
INV06871,mouse
INV08185,notebook
INV06519,headphone
INV08305,keyboard
INV05580,notebook
INV03976,smartphone
INV05269,headphone
INV03273,smartphone
INV02698,keyboard
INV04493,monitor
INV05316,headphone
INV04868,notebook
INV02504,desktop
INV08298,notebook
INV02024,keyboard
INV06162,headphone
INV00817,keyboard
INV08009,headphone
INV08080,notebook
INV04707,desktop
INV00027,desktop
INV08309,keyboard
INV00743,keyboard
INV06653,mouse
INV03887,notebook
INV01898,desktop
INV00004,tv
INV05536,desktop
INV09774,notebook
INV01567,clocks
INV06459,notebook
INV03224,printer
INV04337,key_board
INV08243,mouse
INV06031,mouse
INV06697,notebook
INV01866,smartphone
INV02411,clocks
INV01768,clocks
INV09542,monitor
INV00419,headphone
INV02753,headphone
INV02487,keyboard
INV07748,desktop
INV08154,mouse
INV04295,mouse
INV04991,monitor
INV04817,notebook
INV04565,mouse
INV04069,headphone
INV02934,keyboard
INV02221,mouse
INV07928,mouse
INV05763,headphone
INV06593,keyboard
INV02628,headphone
INV00765,clocks
INV02052,headphone
INV01781,smartphone
INV07699,tablet
INV03080,
INV01960,notebook
INV06975,clocks
INV02310,keyboard
INV02636,keyboard
INV05684,mouse
INV03367,mouse
INV00943,desktop
INV09926,clocks
INV03836,headphone
INV09716,mouse
INV00441,headphone
INV09111,smartphone
INV01308,clocks
INV07658,mouse
INV08262,mouse
INV05464,notebook
INV01734,smartphone
INV08459,monitor
INV05689,clocks
INV09781,smartphone
INV09320,mouse
INV07722,notebook
INV03035,smartphone
INV05941,clocks
INV08454,smartphone
INV06794,notebook
INV06835,keyboard
INV08685,tablet
INV06295,mouse
INV04895,desktop
INV01506,desktop
INV00478,keyboard
INV05504,smartphone
INV00376,keyboard
INV08194,mouse
INV02534,mouse
INV06433,headphone
INV05999,notebook
INV02024,mouse
INV07331,mouse
INV05782,note_book
INV07224,notebook
INV04203,keyboard
INV03437,mouse
INV05228,keyboard
INV09228,mouse
INV02400,notebook
INV05274,keyboard
INV04849,headphone
INV09762,smartphone
INV02348,notebook
INV02840,keyboard
INV07030,notebook
INV00069,notebook
INV00976,notebook
INV00025,keyboard
INV08330,tablet
INV00320,headphone
INV03994,mouse
INV02769,notebook
INV02028,notebook
INV00840,tablet
INV03653,mouse
INV09640,mouse
INV08055,desktop
INV02405,keyboard
INV07588,notebook
INV05829,headphone
INV03828,tv
INV09553,tablet
INV00478,tv
INV03924,mouse
INV04847,mouse
INV08254,smartphone
INV04193,smartphone
INV05310,
INV02423,smartphone
INV08589,keyboard
INV07172,smartphone
INV05567,mouse
INV03741,mouse
INV08988,mouse
INV03708,notebook
INV05636,keyboard
INV00770,keyboard
INV05366,smartphone
INV00627,smartphone
INV05714,smartphone
INV08207,mouse
INV05623,desktop
INV02634,monitor
INV05169,smartphone
INV04433,smartphone
INV09036,smartphone
INV00962,smartphone
INV03286,smartphone
INV00510,smartphone
INV04262,headphone
INV00206,mouse
INV07401,mouse
INV07588,mouse
INV02983,notebook
INV02369,desktop
INV08946,mouse
INV07378,smartphone
INV09660,headphone
INV08606,monitor
INV08415,clocks
INV08909,headphone
INV07364,notebook
INV02536,smartphone
INV08994,mouse
INV09955,
INV05973,headphone
INV04093,notebook
INV01416,smatphone
INV02767,mouse
INV02923,smartphone
INV01535,smartphone
INV07133,clocks
INV06777,notebook
INV06292,smartphone
INV03358,headphone
INV06363,smartphone
INV03975,desktop
INV05747,monitor
INV07084,monitor
INV09473,notebook
INV07177,tablet
INV01800,monitor
INV08581,monitor
INV04023,mouse
INV05620,smartphone
INV03192,monitor
INV06676,
INV04362,mouse
INV09495,smartphone
INV04283,headphone
INV08079,smatphone
INV09197,clocks
INV09251,smartphone
INV00726,mouse
INV05625,monitor
INV00891,keyboard
INV00117,keyboard
INV06290,monitor
INV00803,notebook
INV01889,clocks
INV00239,monitor
INV08606,desktop
INV02652,mouse
INV04781,desktop
INV09479,notebook
INV09910,clocks
INV00314,notebook
INV01640,monitor
INV08494,mouse
INV05982,headphone
INV03640,mouse
INV04113,smartphone
INV04164,notebook
INV00831,headphone
INV06949,notebook
INV07983,notebook
INV08815,smartphone
INV01982,smartphone
INV05381,mouse
INV06050,notebook
INV08215,smartphone
INV06856,smartphone
INV09019,clocks
INV09648,smartphone
INV05368,desktop
INV01965,tv
INV05430,smartphone
INV06986,notebook
INV00743,mouse
INV08660,notebook
INV05458,desktop
INV08311,keyboard
INV07787,desktop
INV03425,headphone
INV05904,notebook
INV09832,printer
INV08942,headphone
INV03396,keyboard
INV09502,tv
INV08112,printer
INV07007,
INV04737,clocks
INV02283,headphone
INV04959,clocks
INV09623,keyboard
INV03697,notebook
INV09357,mouse
INV06621,notebook
INV09193,smartphone
INV04774,desktop
INV02197,smartphone
INV09635,notebook
INV07831,smartphone
INV02456,notebook
INV00619,keyboard
INV06515,keyboard
INV02381,notebook
INV02416,notebook
INV03142,notebook
INV09328,notebook
INV00609,mouse
INV08374,keyboard
INV01141,notebook
INV04595,tablet
INV01454,keyboard
INV08968,mouse
INV09338,desktop
INV06308,keyboard
INV05573,clocks
INV09989,headphone
INV01629,smartphone
INV04792,clocks
INV02878,headphone
INV08559,monitor
INV04610,headphone
INV00089,clocks
INV01914,smartphone
INV07685,smartphone
INV06200,smartphone
INV02749,printer
INV02665,keyboard
INV04418,printer
INV00249,notebook
INV04941,
INV06346,smartphone
INV05272,notebook
INV03053,
INV09306,notebook
INV02707,mouse
INV06717,notebook
INV06424,keyboard
INV01628,notebook
INV06438,desktop
INV06603,smartphone
INV03057,smartphone
INV03554,smartphone
INV09465,keyboard
INV05754,monitor
INV05331,keyboard
INV01609,mause
INV02198,
INV07416,smartphone
INV04772,keyboard
INV09203,desktop
INV06135,headphone
INV03769,mouse
INV06376,notebook
INV08394,mouse
INV09523,clocks
INV08489,mouse
INV00397,smartphone
INV03954,mouse
INV08637,keyboard
INV07444,note_book
INV03189,tv
INV07016,
INV01879,headphone
INV05841,mouse
INV04010,smartphone
INV01176,notebook
INV00325,notebook
INV00514,tv
INV09700,keyboard
INV04690,headphone
INV05797,monitor
INV06027,notebook
INV01692,notebook
INV00525,desktop
INV02859,smartphone
INV00124,smartphone
INV08344,mouse
INV05678,notebook
INV04533,mouse
INV06609,mouse
INV04294,mouse
INV07341,smartphone
INV06121,smartphone
INV05263,notebook
INV01761,keyboard
INV09539,notebook
INV08603,monitor
INV09322,
INV06864,headphone
INV07571,smartphone
INV03928,desktop
INV03001,keyboard
INV08887,notebook
INV09787,mouse
INV02407,notebook
INV03117,monitor
INV07395,keyboard
INV06493,notebook
INV08565,clocks
INV09722,mouse
INV08493,headphone
INV03551,keyboard
INV09659,desktop
INV07454,notebook
INV01828,mouse
INV09205,mouse
INV06924,keyboard
INV08886,mouse
INV04022,smartphone
INV01201,mouse
INV05231,notebook
INV07176,monitor
INV08499,smartphone
INV02926,mouse
INV08595,monitor
INV07362,clocks
INV02392,
INV07318,monitor
INV09982,smartphone
INV09183,printer
INV06516,smartphone
INV00549,notebook
INV07982,headphone
INV06469,smartphone
INV04208,mouse
INV01270,headphone
INV02300,monitor
INV01888,desktop
INV00999,smartphone
INV05550,desktop
INV00854,headphone
INV06875,notebook
INV07643,smartphone
INV02383,mouse
INV00153,headphone
INV03647,monitor
INV05936,notebook
INV04279,headphone
INV06000,notebook
INV02582,notebook
INV00120,smartphone
INV08514,clocks
INV03023,desktop
INV05831,mouse
INV05458,mouse
INV09273,notebook
INV08766,notebook
INV09085,notebook
INV00545,mouse
INV04224,headphone
INV05269,clocks
INV09257,desktop
INV07531,mouse
INV05217,keyboard
INV05248,notebook
INV05589,mouse
INV08196,headphone
INV08280,keyboard
INV03632,desktop
INV06604,keyboard
INV08945,mouse
INV03627,headphone
INV03338,keyboard
INV05011,keyboard
INV02825,tablet
INV00945,mouse
INV04346,monitor
INV01621,headphone
INV05377,notebook
INV01865,notebook
INV04603,notebook
INV00797,smartphone
INV00462,mouse
INV09220,clocks
INV04038,clocks
INV05031,smartphone
INV08325,notebook
INV03141,smartphone
INV04676,mouse
INV06531,monitor
INV01405,smartphone
INV03627,tablet
INV00537,mouse
INV09592,keyboard
INV01929,headphone
INV07600,mouse
INV04948,mouse
INV06101,mouse
INV02979,smartphone
INV08098,monitor
INV06251,desktop
INV06521,notebook
INV01723,notebook
INV03420,mouse
INV05063,mouse
INV02045,keyboard
INV03604,headphone
INV00231,clocks
INV03598,keyboard
INV07048,smartphone
INV02893,monitor
INV04849,smartphone
INV05047,keyboard
INV09722,monitor
INV04110,mouse
INV05790,smartphone
INV06052,keyboard
INV01335,monitor
INV07734,mouse
INV00383,desktop
INV09788,mouse
INV08515,printer
INV08988,keyboard
INV08753,notebook
INV02571,notebook
INV00410,smartphone
INV03185,smartphone
INV04834,smartphone
INV05418,keyboard
INV00023,notebook
INV08054,mouse
INV06137,desktop
INV06226,smartphone
INV01839,keyboard
INV06224,keyboard
INV07453,mouse
INV02858,clocks
INV05298,smartphone
INV02531,clocks
INV05982,clocks
INV01158,notebook
INV05499,monitor
INV03884,mouse
INV06703,clocks
INV08427,clocks
INV08930,clocks
INV00893,tablet
INV06524,monitor
INV00667,headphone
INV03288,printer
INV07896,headphone
INV03023,monitor
INV06970,mouse
INV00360,mouse
INV01601,tv
INV09076,keyboard
INV04076,clocks
INV02863,headphone
INV07174,printer
INV08685,monitor
INV04615,notebook
INV04650,keyboard
INV03388,smartphone
INV00513,notebook
INV06514,printer
INV00578,monitor
INV00727,smartphone
INV08324,clocks
INV06879,notebook
INV07617,mouse
INV05801,desktop
INV05961,keyboard
INV05712,notebook
INV07448,smartphone
INV02628,clocks
INV09994,notebook
INV03049,smartphone
INV01569,smartphone
INV08612,smartphone
INV02030,mouse
INV07865,mouse
INV06650,smartphone
INV00774,notebook
INV08434,tv
INV05463,keyboard
INV04479,headphone
INV06435,mouse
INV07254,mause
INV00231,smartphone
INV02264,keyboard
INV05277,desktop
INV01955,mouse
INV02571,mouse
INV07815,notebook
INV00880,monitor
INV04557,monitor
INV05227,mouse
INV02826,smartphone
INV04592,mouse
INV00860,notebook
INV03071,smartphone
INV01013,smartphone
INV09099,desktop
INV03498,keyboard
INV06091,mouse
INV00066,notebook
INV08842,headphone
INV02989,notebook
INV03752,smartphone
INV06616,headphone
INV00045,keyboard
INV07996,tv
INV04511,smatphone
INV08642,desktop
INV03953,smartphone
INV08998,clocks
INV08220,key_board
INV00160,desktop
INV06773,headphone
INV08009,monitor
INV09561,notebook
INV08841,desktop
INV05726,monitor
INV01937,headphone
INV07257,clocks
INV04942,headphone
INV09302,smartphone
INV08950,mouse
INV06035,tv
INV05742,smartphone
INV07199,smartphone
INV08454,headphone
INV08834,mouse
INV02004,headphone
INV02103,keyboard
INV00131,smartphone
INV00474,headphone
INV09505,keyboard
INV02004,smartphone
INV09555,desktop
INV06059,keyboard
INV02892,smartphone
INV00714,keyboard
INV00876,printer
INV05279,headphone
INV06073,smartphone
INV05952,smartphone
INV06298,notebook
INV07989,headphone
INV04206,smartphone
INV06472,mouse
INV00285,headphone
INV04142,mouse
INV00053,mouse
INV03875,mouse
INV02441,keyboard
INV02215,keyboard
INV04615,mouse
INV09992,keyboard
INV05788,mouse
INV02399,clocks
INV08335,smartphone
INV01696,smartphone
INV08988,keyboard
INV00444,smartphone
INV00260,headphone
INV07721,smartphone
INV09135,desktop
INV01151,clocks
INV08084,smartphone
INV09274,notebook
INV02793,smatphone
INV06410,tv
INV04656,mouse
INV07183,notebook
INV02997,
INV04770,mouse
INV01699,monitor
INV00891,mouse
INV09008,notebook
INV00713,mause
INV08135,desktop
INV02235,headphone
INV01512,keyboard
INV07786,smartphone
INV08980,monitor
INV04919,smartphone
INV09065,desktop
INV00224,mouse
INV06475,smartphone
INV08390,headphone
INV08659,desktop
INV07610,smartphone
INV07822,monitor
INV00884,smartphone
INV04743,keyboard
INV09171,keyboard
INV02428,notebook
INV02417,mouse
INV08728,smartphone
INV07740,notebook
INV07022,clocks
INV08705,smartphone
INV09644,smartphone
INV05292,mouse
INV06089,clocks
INV01476,notebook
INV02259,printer
INV01868,desktop
INV09717,desktop
INV08719,smartphone
INV07428,headphone
INV04485,smartphone
INV05959,smartphone
INV02021,mouse
INV06300,mouse
INV04344,tv
INV09470,smartphone
INV06785,smartphone
INV01075,mouse
INV06120,headphone
INV09132,monitor
INV08495,printer
INV04211,keyboard
INV06965,headphone
INV02874,clocks
INV08061,clocks
INV00114,desktop
INV07041,desktop
INV06115,headphone
INV07783,monitor
INV07759,clocks
INV04504,smartphone
INV02635,desktop
INV04741,mouse
INV06775,monitor
INV07053,monitor
INV04527,keyboard
INV07793,smartphone
INV02692,smartphone
INV05257,
INV04541,headphone
INV09334,smartphone
INV05935,headphone
INV07917,clocks
INV09184,desktop
INV01402,mouse
INV05198,keyboard
INV05476,smartphone
INV06118,smartphone
INV01496,keyboard
INV08096,desktop
INV00352,desktop
INV09714,headphone
INV05861,headphone
INV00598,keyboard
INV02670,headphone
INV05992,keyboard
INV01731,monitor
INV00631,smartphone
INV06547,headphone
INV07834,smartphone
INV09089,notebook
INV08826,keyboard
INV06825,monitor
INV01502,
INV07539,clocks
INV02574,monitor
INV01329,smartphone
INV04862,notebook
INV09430,notebook
INV00793,smatphone
INV08385,mouse
INV01388,mouse
INV05197,smartphone
INV02354,smartphone
INV04852,headphone
INV04354,notebook
INV07537,headphone
INV00386,desktop
INV09229,monitor
INV03935,keyboard
INV09646,monitor
INV07366,headphone
INV08220,notebook
INV00578,desktop
INV01754,tv
INV09966,clocks
INV06258,desktop
INV06661,notebook
INV09642,desktop
INV08771,monitor
INV02380,mouse
INV05520,notebook
INV00905,keyboard
INV04388,clocks
INV00151,desktop
INV05980,keyboard
INV01122,notebook
INV04945,headphone
INV00340,smartphone
INV08745,mouse
INV07926,smartphone
INV09486,notebook
INV09998,keyboard
INV04702,clocks
INV05759,monitor
INV00500,tv
INV00602,mouse
INV03155,keyboard
INV05233,clocks
INV05751,notebook
INV04703,printer
INV08346,desktop
INV03780,keyboard
INV04388,smartphone
INV04327,desktop
INV07310,printer
INV09524,keyboard
INV07660,notebook
INV02301,monitor
INV02672,keyboard
INV03249,
INV01486,keyboard
INV05833,headphone
INV08650,keyboard
INV00276,smartphone
INV07778,monitor
INV03913,headphone
INV07168,headphone
INV00925,headphone
INV00432,desktop
INV07145,mouse
INV03987,clocks
INV05259,mouse
INV01713,notebook
INV09031,smartphone
INV04316,smartphone
INV06799,smartphone
INV00162,mouse
INV04813,keyboard
INV03502,monitor
INV05678,keyboard
INV08411,headphone
INV08875,notebook
INV04017,clocks
INV03512,smartphone
INV08139,notebook
INV07996,smartphone
INV02971,desktop
INV09023,clocks
INV08058,desktop
INV07306,smartphone
INV07218,desktop
INV05286,notebook
INV09379,clocks
INV01482,headphone
INV06613,headphone
INV04507,notebook
INV00494,desktop
INV03995,notebook
INV07550,desktop
INV06775,keyboard
INV07839,mouse
INV01371,smartphone
INV05444,headphone
INV03579,mouse
INV05838,headphone
INV03922,keyboard
INV01735,desktop
INV02767,keyboard
INV00729,monitor
INV09417,mouse
INV06422,monitor
INV07044,headphone
INV05675,headphone
INV05237,mouse
INV01020,tv
INV05667,tv
INV05238,keyboard
INV09677,mouse
INV04372,printer
INV03027,mouse
INV02810,smartphone
INV09441,headphone
INV03746,clocks
INV06136,notebook
INV01322,smartphone
INV01035,clocks
INV00865,mouse
INV06538,smartphone
INV01426,smatphone
INV05811,smartphone
INV00097,mouse
INV00629,notebook
INV05007,smartphone
INV06455,keyboard
INV09800,headphone
INV02986,mouse
INV07163,mouse
INV05231,keyboard
INV02829,smartphone
INV03178,keyboard
INV02115,clocks
INV03589,keyboard
INV04026,mouse
INV02944,headphone
INV05501,keyboard
INV03453,keyboard
INV05718,desktop
INV04051,headphone
INV00880,keyboard
INV08996,mouse
INV03919,desktop
INV05891,smartphone
INV08253,keyboard
INV02993,clocks
INV09197,smartphone
INV00233,headphone
INV02002,clocks
INV07026,smartphone
INV05570,keyboard
INV03948,clocks
INV04747,notebook
INV01467,notebook
INV08447,monitor
INV09828,monitor
INV06485,monitor
INV00818,mouse
INV04988,desktop
INV06225,smartphone
INV04450,clocks
INV08026,smartphone
INV09541,notebook
INV00709,headphone
INV09476,desktop
INV01769,tablet
INV08878,headphone
INV04669,headphone
INV05941,smartphone
INV07249,monitor
INV04985,clocks
INV01662,desktop
INV05843,keyboard
INV06700,headphone
INV08388,monitor
INV08224,keyboard
INV07359,headphone
INV05718,mouse
INV01422,desktop
INV07602,keyboard
INV09740,keyboard
INV00636,notebook
INV05150,mouse
INV03564,monitor
INV06331,smartphone
INV00524,monitor
INV04164,keyboard
INV06372,mouse
INV05454,keyboard
INV02681,keyboard
INV04005,notebook
INV05664,headphone
INV03007,tablet
INV01233,clocks
INV07785,smartphone
INV05625,desktop
INV09305,headphone
INV01685,mouse
INV02488,headphone
INV09182,desktop
INV02239,mouse
INV08484,headphone
INV00641,printer
INV08731,smartphone
INV03459,clocks
INV05802,monitor
INV09121,tv
INV04829,desktop
INV06167,keyboard
INV00620,headphone
INV07848,mouse
INV05202,mouse
INV08028,mouse
INV05488,smartphone
INV01960,mouse
INV07577,notebook
INV05638,smartphone
INV04001,mouse
INV03989,smartphone
INV05682,smartphone
INV00567,desktop
INV00107,mouse
INV04578,headphone
INV07089,clocks
INV07957,smartphone
INV03848,notebook
INV00829,mouse
INV02208,notebook
INV04139,keyboard
INV03750,clocks
INV06776,notebook
INV01243,keyboard
INV00068,smartphone
INV02989,mouse
INV00239,mouse
INV00001,headphone
INV08078,smartphone
INV00979,headphone
INV06418,mouse
INV06468,mouse
INV09310,mouse
INV05178,monitor
INV01516,notebook
INV05482,smartphone
INV01229,keyboard
INV08091,headphone
INV06242,headphone
INV01536,smartphone
INV03265,tv
INV06533,smartphone
INV08701,printer
INV00794,mouse
INV09627,monitor
INV02545,keyboard
INV04599,mause
INV04648,monitor
INV07567,clocks
INV04621,mouse
INV09752,keyboard
INV07496,tablet
INV06006,headphone
INV08770,
INV08028,monitor
INV08060,tablet
INV02040,monitor
INV00068,headphone
INV00423,notebook
INV08657,mouse
INV01345,smartphone
INV02597,clocks
INV08314,clocks
INV05279,clocks
INV01751,smartphone
INV05186,tablet
INV01447,smartphone
INV02918,smartphone
INV03234,headphone
INV01717,desktop
INV09924,key_board
INV01690,notebook
INV01671,headphone
INV09492,smartphone
INV03168,desktop
INV00313,mouse
INV08290,mouse
INV01179,notebook
INV07235,smartphone
INV02532,note_book
INV09489,headphone
INV03427,smartphone
INV08631,desktop
INV06180,keyboard
INV04426,tablet
INV00169,notebook
INV08559,desktop
INV01160,desktop
INV06174,monitor
INV06182,mouse
INV09412,clocks
INV05981,headphone
INV09599,clocks
INV05717,clocks
INV08576,mouse
INV07743,notebook
INV07804,headphone
INV06921,headphone
INV06676,notebook
INV09628,smartphone
INV02193,keyboard
INV01971,smartphone
INV04954,smartphone
INV06110,headphone
INV05588,desktop
INV03536,keyboard
INV00405,headphone
INV05350,desktop
INV01657,keyboard
INV02067,smartphone
INV05392,notebook
INV00556,mouse
INV04790,mouse
INV03029,mouse
INV07240,mouse
INV06131,smartphone
INV09972,printer
INV05719,keyboard
INV07150,keyboard
INV07770,headphone
INV02059,headphone
INV09889,headphone
INV07674,smartphone
INV07784,mouse
INV00793,clocks
INV08376,mouse
INV02893,mouse
INV06453,
INV04829,keyboard
INV05157,smartphone
INV07189,clocks
INV02272,headphone
INV01347,mouse
INV04264,monitor
INV08213,desktop
INV02249,mouse
INV02205,desktop
INV07058,smartphone
INV00308,monitor
INV02664,smartphone
INV07136,mouse
INV08576,keyboard
INV07491,keyboard
INV07897,monitor
INV08943,mouse
INV09991,keyboard
INV07368,notebook
INV09879,monitor
INV07079,monitor
INV05055,headphone
INV04309,keyboard
INV00093,notebook
INV00053,notebook
INV04235,headphone
INV02701,desktop
INV06149,notebook
INV02574,desktop
INV07409,clocks
INV08612,
INV02954,smartphone
INV02976,smartphone
INV08631,keyboard
INV05544,smartphone
INV00528,desktop
INV05576,keyboard
INV09766,clocks
INV07309,clocks
INV05730,smartphone
INV06188,smartphone
INV07535,headphone
INV06669,keyboard
INV02992,clocks
INV03216,headphone
INV09816,mouse
INV09615,notebook
INV05819,keyboard
INV00070,headphone
INV03835,headphone
INV05639,desktop
INV05399,desktop
INV07585,smartphone
INV08786,headphone
INV06031,notebook
INV08146,notebook
INV06654,notebook
INV03433,notebook
INV03500,smartphone
INV07296,keyboard
INV05827,smartphone
INV07531,keyboard
INV03417,smartphone
INV07774,clocks
INV08236,mouse
INV08686,clocks
INV07744,smartphone
INV05924,mouse
INV02092,notebook
INV02425,tablet
INV00978,clocks
INV08889,notebook
INV07355,desktop
INV08626,headphone
INV04873,keyboard
INV00198,mouse
INV06569,headphone
INV03470,notebook
INV05038,tv
INV07897,desktop
INV00845,mouse
INV07230,notebook
INV00181,smartphone
INV01792,keyboard
INV04236,desktop
INV04884,keyboard
INV03636,keyboard
INV02878,smartphone
INV05908,keyboard
INV00434,desktop
INV05201,mouse
INV09818,keyboard
INV04705,mouse
INV02492,notebook
INV07815,keyboard
INV09140,headphone
INV07995,smartphone
INV06111,monitor
INV09596,keyboard
INV05315,monitor
INV00203,keyboard
INV06322,clocks
INV07950,headphone
INV06958,smartphone
INV00031,smartphone
INV09415,headphone
INV09285,monitor
INV06060,mouse
INV05156,clocks
INV08792,smartphone
INV06316,desktop
INV05397,smartphone
INV02168,headphone
INV05705,keyboard
INV03407,smartphone
INV07942,mouse
INV04804,mouse
INV02221,desktop
INV00179,notebook
INV06431,smartphone
INV04738,smartphone
INV04946,mouse
INV02103,note_book
INV06855,smartphone
INV04168,desktop
INV08548,clocks
INV01711,headphone
INV06516,headphone
INV02928,smartphone
INV09599,headphone
INV08080,mouse
INV07032,monitor
INV02542,monitor
INV01485,notebook
INV04306,
INV01582,mouse
INV09088,printer
INV00885,mouse
INV06067,printer
INV04409,notebook
INV01081,mouse
INV03824,notebook
INV08241,notebook
INV09436,notebook
INV02225,keyboard
INV03346,smartphone
INV02261,clocks
INV02861,clocks
INV01108,smartphone
INV04205,headphone
INV08538,smartphone
INV03829,keyboard
INV09453,desktop
INV01872,clocks
INV09934,notebook
INV00688,keyboard
INV07586,smartphone
INV07933,clocks
INV09438,notebook
INV01209,notebook
INV09460,printer
INV09809,smartphone
INV07975,smartphone
INV01142,smartphone
INV01667,mouse
INV09775,keyboard
INV05738,clocks
INV00370,smartphone
INV00377,smartphone
INV08326,printer
INV00525,monitor
INV08953,monitor
INV04364,notebook
INV07141,monitor
INV09144,clocks
INV01192,desktop
INV05860,notebook
INV02012,smartphone
INV08453,tablet
INV00441,smartphone
INV04544,mouse
INV06752,keyboard
INV00594,notebook
INV00747,headphone
INV06472,monitor
INV00462,notebook
INV00664,clocks
INV03752,headphone
INV01910,mouse
INV06763,mouse
INV03020,notebook
INV08323,headphone
INV06069,monitor
INV00772,smartphone
INV01358,mouse
INV06114,monitor
INV00726,keyboard
INV03591,keyboard
INV01731,keyboard
INV09890,desktop
INV01595,clocks
INV07712,notebook
INV02223,monitor
INV06390,headphone
INV05440,mouse
INV01088,mouse
INV08553,smartphone
INV08011,smartphone
INV09802,keyboard
INV07826,clocks
INV07944,headphone
INV03862,smartphone
INV07835,notebook
INV03390,headphone
INV07868,tablet
INV00957,notebook
INV03386,mouse
INV09073,mouse
INV07165,headphone
INV05159,clocks
INV02172,smartphone
INV00973,clocks
INV01656,mouse
INV00119,notebook
INV03864,mouse
INV04961,keyboard
INV04828,headphone
INV00205,monitor
INV09587,notebook
INV00809,headphone
INV00411,headphone
INV03025,notebook
INV08049,keyboard
INV04897,smartphone
INV06129,notebook
INV06611,desktop
INV00733,notebook
INV07587,mouse
INV07765,mouse
INV03834,headphone
INV09559,clocks
INV06864,smartphone
INV06064,mouse
INV04958,clocks
INV00717,desktop
INV03719,clocks
INV05372,keyboard
INV09920,smartphone
INV03562,mouse
INV04897,headphone
INV07596,mouse
INV02579,monitor
INV09821,keyboard
INV09393,clocks
INV00045,mouse
INV00448,mouse
INV02409,smartphone
INV05854,mouse
INV03379,smartphone
INV05680,headphone
INV07379,mouse
INV03789,smartphone
INV08759,
INV07716,notebook
INV05059,
INV06881,mouse
INV04690,smartphone
INV08503,notebook
INV07927,headphone
INV04571,headphone
INV01625,clocks
INV03664,desktop
INV08089,desktop
INV02030,monitor
INV02085,clocks
INV03431,headphone
INV03772,
INV03375,mouse
INV01244,desktop
INV05643,smartphone
INV06617,keyboard
INV09348,headphone
INV04454,smartphone
INV09322,monitor
INV09533,headphone
INV08327,mouse
INV09735,headphone
INV02933,mouse
INV08675,mouse
INV03167,
INV08162,mouse
INV05182,monitor
INV01863,mouse
INV00869,mouse
INV05724,notebook
INV06825,mouse
INV07011,smartphone
INV04686,notebook
INV02490,notebook
INV00591,notebook
INV09438,mause
INV00493,smartphone
INV08703,notebook
INV05832,monitor
INV07632,mouse
INV03998,mouse
INV04319,mouse
INV05345,smartphone
INV08836,headphone
INV03173,keyboard
INV02127,smartphone
INV02509,mause
INV07090,headphone
INV04748,keyboard
INV05502,notebook
INV03763,monitor
INV01283,keyboard
INV08304,headphone
INV09173,desktop
INV09191,keyboard
INV01773,mouse
INV08344,keyboard
INV02412,clocks
INV06733,notebook
INV00059,keyboard
INV05060,notebook
INV02422,smartphone
INV03413,smartphone
INV09617,mouse
INV03746,smartphone
INV05139,keyboard
INV04466,keyboard
INV01512,notebook
INV00209,mause
INV05894,headphone
INV07793,clocks
INV09728,headphone
INV09434,smartphone
INV06815,headphone
INV08376,notebook
INV05513,keyboard
INV00292,mouse
INV09525,desktop
INV06134,printer
INV02730,keyboard
INV05086,mouse
INV07756,smartphone
INV02554,smartphone
INV01018,mouse
INV06851,notebook
INV04267,notebook
INV02763,smartphone
INV02356,clocks
INV00513,tablet
INV08482,mouse
INV08290,notebook
INV09307,tablet
INV06941,smartphone
INV08684,headphone
INV03585,keyboard
INV00965,smartphone
INV08019,monitor
INV04594,monitor
INV06674,smartphone
INV07529,smartphone
INV07070,headphone
INV00735,smartphone
INV05554,keyboard
INV01859,monitor
INV00103,notebook
INV00460,mouse
INV05418,notebook
INV08357,keyboard
INV06401,desktop
INV01428,desktop
INV02886,smartphone
INV04210,notebook
INV04591,mouse
INV06428,smartphone
INV05475,monitor
INV09242,notebook
INV08578,headphone
INV06328,smartphone
INV02165,monitor
INV03371,mouse
INV03734,smartphone
INV08009,monitor
INV02804,smartphone
INV01643,keyboard
INV08676,mouse
INV07371,headphone
INV07842,mouse
INV01336,mouse
INV05009,smartphone
INV07022,
INV09974,headphone
INV00921,mouse
INV02627,mouse
INV00574,headphone
INV09371,desktop
INV03226,smartphone
INV01541,desktop
INV06393,monitor
INV03386,keyboard
INV01832,keyboard
INV09389,mouse
INV06386,smartphone
INV04654,desktop
INV00669,
INV08947,mouse
INV06677,headphone
INV04247,keyboard
INV05859,keyboard
INV08425,mouse
INV05199,tablet
INV04241,notebook
INV04740,clocks
INV07941,notebook
INV05921,clocks
INV08529,mouse
INV09074,monitor
INV05768,smartphone
INV03207,headphone
INV01721,smartphone
INV00957,keyboard
INV03583,monitor
INV04959,smartphone
INV06768,notebook
INV06641,mouse
INV03613,monitor
INV06602,mouse
INV02288,monitor
INV06588,notebook
INV06695,notebook
INV00599,mouse
INV00679,mouse
INV03990,desktop
INV03151,mouse
INV00712,smartphone
INV04054,mouse
INV06133,headphone
INV07718,notebook
INV00522,mouse
INV00475,clocks
INV02966,smatphone
INV09484,desktop
INV06999,mouse
INV06915,notebook
INV08931,smartphone
INV06364,smartphone
INV07348,keyboard
INV06027,mouse
INV05622,tv
INV06044,headphone
INV07812,headphone
INV07407,monitor
INV07484,smartphone
INV02242,notebook
INV05539,mouse
INV06054,headphone
INV05294,desktop
INV04507,keyboard
INV06690,smartphone
INV05207,smartphone
INV03339,headphone
INV06480,desktop
INV04899,notebook
INV07279,smartphone
INV00786,notebook
INV06786,keyboard
INV08543,key_board
INV01016,monitor
INV04219,desktop
INV02789,notebook
INV00847,notebook
INV04325,notebook
INV06076,mouse
INV07098,monitor
INV07627,mouse
INV00011,smartphone
INV07058,headphone
INV09281,keyboard
INV07281,mouse
INV07290,smartphone
INV00774,mouse
INV01000,smartphone
INV04037,mouse
INV09526,notebook
INV09626,mouse
INV06012,notebook
INV01305,clocks
INV06455,desktop
INV04741,notebook
INV01628,keyboard
INV08961,keyboard
INV03267,smartphone
INV03023,mouse
INV08694,notebook
INV03438,clocks
INV07271,keyboard
INV03589,mouse
INV09200,notebook
INV06682,mouse
INV09357,keyboard
INV06840,headphone
INV09058,headphone
INV00843,mouse
INV03628,smartphone
INV05158,mouse
INV04581,smartphone
INV05831,notebook
INV01419,notebook
INV04451,desktop
INV01037,headphone
INV01151,smartphone
INV09722,desktop
INV04681,clocks
INV02156,mouse
INV02391,desktop
INV08861,keyboard
INV01755,mouse
INV06517,notebook
INV09942,smartphone
INV04012,mouse
INV09590,monitor
INV08260,headphone
INV09901,mouse
INV08578,clocks
INV01792,notebook
INV03171,smartphone
INV01979,clocks
INV08358,smartphone
INV04568,smartphone
INV03006,mouse
INV06142,monitor
INV03890,headphone
INV06370,monitor
INV03816,notebook
INV06596,printer
INV07316,smartphone
INV02630,mouse
INV07630,notebook
INV02042,keyboard
INV04955,keyboard
INV08051,printer
INV03246,monitor
INV06240,mouse
INV04418,mouse
INV09680,smartphone
INV04689,smartphone
INV07676,mouse
INV06916,smartphone
INV00222,desktop
INV00894,monitor
INV06781,clocks
INV03094,smartphone
INV05243,desktop
INV00139,notebook
INV01997,mouse
INV06404,mouse
INV01043,tablet
INV08616,mouse
INV05834,smartphone
INV02457,keyboard
INV07652,desktop
INV02793,headphone
INV03946,printer
INV02224,headphone
INV08747,notebook
INV00356,smartphone
INV09651,mouse
INV00044,headphone
INV09827,keyboard
INV01476,mouse
INV02927,notebook
INV00120,headphone
INV06576,mouse
INV04462,headphone
INV08225,smartphone
INV05919,keyboard
INV09974,clocks
INV07855,headphone
INV00467,headphone
INV09318,mouse
INV04449,headphone
INV04633,headphone
INV08622,tv
INV00639,smartphone
INV02821,smartphone
INV06211,smartphone
INV04848,clocks
INV07596,notebook
INV08985,smartphone
INV06195,keyboard
INV03737,mouse
INV02072,mause
INV01427,notebook
INV08145,keyboard
INV03296,mouse
INV03209,desktop
INV00913,clocks
INV07856,notebook
INV06022,printer
INV03522,mouse
INV03321,tv
INV02455,smartphone
INV04748,mouse
INV05704,keyboard
INV06513,desktop
INV08158,printer
INV02600,notebook
INV05195,smartphone
INV08162,keyboard
INV09035,monitor
INV08658,smartphone
INV02120,monitor
INV08663,keyboard
INV02186,smartphone
INV04049,keyboard
INV09772,keyboard
INV01524,desktop
INV01876,keyboard
INV04730,printer
INV00952,desktop
INV04621,keyboard
INV04891,notebook
INV09096,mouse
INV01645,monitor
INV00389,mouse
INV09155,mouse
INV07250,smartphone
INV04701,clocks
INV04582,mouse
INV02678,keyboard
INV09123,smartphone
INV03780,mouse
INV09302,headphone
INV00311,keyboard
INV00064,headphone
INV09125,clocks
INV02033,monitor
INV05669,clocks
INV09351,clocks
INV00290,desktop
INV08097,notebook
INV03461,printer
INV05363,headphone
INV00612,smartphone
INV07038,keyboard
INV07972,smartphone
INV03934,mouse
INV00141,monitor
INV00439,clocks
INV01575,headphone
INV05371,keyboard
INV03694,clocks
INV07249,mouse
INV09189,headphone
INV01060,headphone
INV06971,headphone
INV03851,smartphone
INV03990,keyboard
INV00979,smartphone
INV02666,headphone
INV01950,mouse
INV06054,desktop
INV01999,smartphone
INV02496,desktop
INV07779,smartphone
INV09751,monitor
INV03053,mouse
INV02596,notebook
INV08084,clocks
INV00129,clocks
INV03389,mouse
INV01801,mouse
INV09293,keyboard
INV06545,clocks
INV09201,headphone
INV03736,clocks
INV08254,headphone
INV00978,headphone
INV09139,keyboard
INV05270,smartphone
INV04175,headphone
INV09598,mouse
INV02268,desktop
INV04524,smartphone
INV06230,headphone
INV09023,smartphone
INV02185,headphone
INV04733,
INV09697,keyboard
INV08416,tv
INV09645,desktop
INV09268,smartphone
INV09072,headphone
INV02560,notebook
INV07273,monitor
INV06068,clocks
INV00938,headphone
INV04873,mouse
INV00692,mouse
INV08037,notebook
INV00762,clocks
INV05254,keyboard
INV01174,smartphone
INV03283,monitor
INV01597,smartphone
INV06229,mouse
INV01758,smartphone
INV06051,notebook
INV04881,headphone
INV08729,notebook
INV08739,smartphone
INV09279,headphone
INV00437,notebook
INV03457,smartphone
INV08894,desktop
INV09813,mouse
INV08732,keyboard
INV05146,notebook
INV09250,mouse
INV06865,monitor
INV08909,smartphone
INV05271,headphone
INV06984,mouse
INV07400,monitor
INV04766,
INV07031,clocks
INV04935,mouse
INV02196,notebook
INV08119,keyboard
INV02250,smartphone
INV03082,notebook
INV05955,headphone
INV08904,smartphone
INV09993,headphone
INV09624,notebook
INV01600,notebook
INV05448,keyboard
INV07961,smartphone
INV07973,smartphone
INV09929,smartphone
INV05045,desktop
INV08405,notebook
INV06278,
INV02404,tv
INV02741,mouse
INV08399,headphone
INV01410,smartphone
INV05627,notebook
INV04587,notebook
INV07252,keyboard
INV07273,mouse
INV06589,headphone
INV01962,mouse
INV01057,mouse
INV05067,desktop
INV09894,clocks
INV06863,clocks
INV01193,mouse
INV09835,keyboard
INV00946,smartphone
INV08579,headphone
INV05338,keyboard
INV06378,clocks
INV02436,desktop
INV02367,keyboard
INV00452,notebook
INV07343,clocks
INV05830,mouse
INV07170,notebook
INV04296,keyboard
INV08049,mause
INV04894,
INV04183,key_board
INV05183,smartphone
INV03508,headphone
INV04437,monitor
INV05767,desktop
INV01032,keyboard
INV04167,monitor
INV01761,mouse
INV04952,keyboard
INV08415,headphone
INV05591,mouse
INV08537,monitor
INV00916,keyboard
INV06660,mouse
INV08455,notebook
INV01785,keyboard
INV00106,printer
INV07750,clocks
INV08968,desktop
INV03820,notebook
INV07226,clocks
INV05706,keyboard
INV07087,tv
INV01159,mouse
INV08216,mause
INV07888,keyboard
INV07210,smartphone
INV08745,keyboard
INV09919,
INV00402,smartphone
INV02136,desktop
INV08367,headphone
INV02273,smartphone
INV02633,notebook
INV02800,notebook
INV09459,notebook
INV04349,smartphone
INV01756,mouse
INV09076,mouse
INV08611,clocks
INV04527,notebook
INV07603,clocks
INV07768,tv
INV02064,smartphone
INV03481,smartphone
INV02521,notebook
INV07332,tv
INV04290,desktop
INV07455,desktop
INV05230,headphone
INV03993,headphone
INV09614,mouse
INV02008,keyboard
INV00155,notebook
INV08042,desktop
INV09143,notebook
INV09117,desktop
INV08136,keyboard
INV08341,keyboard
INV03713,keyboard
INV05210,notebook
INV07487,
INV04469,notebook
INV06393,mouse
INV01047,notebook
INV00996,tv
INV02952,mouse
INV08672,keyboard
INV03519,monitor
INV05602,notebook
INV03638,headphone
INV05394,headphone
INV00085,keyboard
INV03261,keyboard
INV07553,smartphone
INV07363,mouse
INV07280,mouse
INV08960,mouse
INV02183,smartphone
INV01927,smartphone
INV08521,clocks
INV03110,monitor
INV02966,clocks
INV00387,tv
INV02328,smartphone
INV03665,headphone
INV03194,smartphone
INV01081,notebook
INV00505,mouse
INV07017,keyboard
INV09430,keyboard
INV05514,desktop
INV05443,keyboard
INV03831,notebook
INV01381,monitor
INV04882,clocks
INV02075,notebook
INV06474,mouse
INV02412,smartphone
INV09505,mouse
INV09264,keyboard
INV01542,monitor
INV04957,clocks
INV02611,mouse
INV00961,headphone
INV09795,mouse
INV03345,desktop
INV01184,headphone
INV01934,keyboard
INV04723,smartphone
INV02034,mouse
INV08271,desktop
INV04845,notebook
INV00964,mouse
INV02671,mouse
INV06880,notebook
INV04273,desktop
INV00991,notebook
INV05357,mouse
INV06313,headphone
INV09767,headphone
INV04924,mouse
INV09297,clocks
INV02752,
INV07688,clocks
INV04714,mouse
INV07460,notebook
INV01058,desktop
INV02551,smartphone
INV08346,keyboard
INV05014,smartphone
INV05073,keyboard
INV05403,headphone
INV03693,mouse
INV03927,
INV06868,notebook
INV07833,notebook
INV02596,keyboard
INV04779,smatphone
INV01334,desktop
INV09852,headphone
INV01390,mouse
INV01285,clocks
INV06579,headphone
INV01740,keyboard
INV01844,clocks
INV00817,desktop
INV02618,smartphone
INV04361,keyboard
INV00537,desktop
INV08413,keyboard
INV07029,mouse
INV09092,smartphone
INV09053,clocks
INV09899,smartphone
INV07412,monitor
INV02676,smartphone
INV08635,tablet
INV01111,notebook
INV05654,keyboard
INV01221,smartphone
INV02925,keyboard
INV02442,keyboard
INV01406,smartphone
INV01151,headphone
INV02867,mouse
INV09621,notebook
INV05541,notebook
INV01609,notebook
INV07270,keyboard
INV03969,headphone
INV03336,mouse
INV01540,clocks
INV06479,monitor
INV03513,keyboard
INV01143,smartphone
INV08922,smartphone
INV08615,tablet
INV06550,notebook
INV08065,desktop
INV04464,clocks
INV02928,headphone
INV03463,clocks
INV09594,mouse
INV03097,smartphone
INV07390,smartphone
INV00281,headphone
INV05560,notebook
INV02614,notebook
INV03043,tablet
INV05385,headphone
INV05880,monitor
INV07766,mouse
INV02877,keyboard
INV09129,mouse
INV07325,smartphone
INV07491,notebook
INV04480,smartphone
INV08567,monitor
INV08812,keyboard
INV07227,smartphone
INV06259,monitor
INV03937,desktop
INV09263,desktop
INV00780,mouse
INV02972,keyboard
INV00787,clocks
INV01619,smartphone
INV02798,desktop
INV09331,smartphone
INV02247,tablet
INV05345,clocks
INV09964,monitor
INV05554,monitor
INV03970,notebook
INV08618,mouse
INV00547,keyboard
INV08569,smartphone
INV07827,monitor
INV00471,smartphone
INV03349,keyboard
INV00732,keyboard
INV02226,headphone
INV08884,printer
INV09960,notebook
INV08357,mouse
INV01350,smartphone
INV07949,clocks
INV04908,smartphone
INV07520,tablet
INV02705,tablet
INV08117,smartphone
INV09789,headphone
INV02304,smartphone
INV04318,notebook
INV09659,monitor
INV00908,keyboard
INV06990,smartphone
INV00778,monitor
INV05970,mouse
INV04377,headphone
INV03275,printer
INV02129,tv
INV05246,headphone
INV05784,keyboard
INV09671,tv
INV03296,keyboard
INV01207,notebook
INV04939,keyboard
INV01989,notebook
INV08057,headphone
INV09646,mouse
INV09908,notebook
INV01555,smartphone
INV09175,notebook
INV00398,desktop
INV00548,smartphone
INV00519,clocks
INV09858,headphone
INV09041,notebook
INV05546,notebook
INV06229,notebook
INV01093,monitor
INV08019,keyboard
INV03265,headphone
INV09941,mouse
INV04685,mouse
INV09646,keyboard
INV06176,keyboard
INV00733,keyboard
INV06878,clocks
INV00119,keyboard
INV02765,notebook
INV06189,headphone
INV08899,headphone
INV03026,mouse
INV06961,mouse
INV05825,keyboard
INV03565,smartphone
INV03228,mouse
INV00254,mause
INV00889,
INV09547,keyboard
INV04843,mouse
INV09537,monitor
INV06089,smartphone
INV09085,keyboard
INV07163,key_board
INV07234,mouse
INV08722,notebook
INV00674,headphone
INV00931,keyboard
INV00788,mouse
INV07884,printer
INV09527,smartphone
INV04243,desktop
INV02495,notebook
INV03935,desktop
INV07606,notebook
INV04818,smartphone
INV01308,
INV08193,clocks
INV03099,
INV08244,mouse
INV01004,mouse
INV02486,notebook
INV04074,clocks
INV04023,keyboard
INV00226,keyboard
INV06509,keyboard
INV09073,monitor
INV04761,desktop
INV07738,keyboard
INV07248,smartphone
INV06854,mouse
INV08427,smartphone
INV07126,keyboard
INV08988,notebook
INV07267,keyboard
INV05528,notebook
INV03054,keyboard
INV09194,smartphone
INV02616,headphone
INV00723,clocks
INV01379,smartphone
INV01646,keyboard
INV05280,monitor
INV04291,mouse
INV05608,keyboard
INV00168,monitor
INV02256,mouse
INV04104,smartphone
INV01314,smartphone
INV07628,notebook
INV07838,monitor
INV07343,headphone
INV08151,desktop
INV08410,notebook
INV02228,headphone
INV01198,mouse
INV08676,notebook
INV08067,smartphone
INV02415,clocks
INV00145,notebook
INV08345,mouse
INV06711,desktop
INV00737,clocks
INV02238,smartphone
INV07501,smartphone
INV05765,notebook
INV08923,headphone
INV08599,clocks
INV04437,mouse
INV07044,smartphone
INV02454,smartphone
INV04196,mouse
INV07822,desktop
INV04761,monitor
INV02734,mouse
INV07853,headphone
INV03714,mouse
INV02646,
INV00275,keyboard
INV08742,headphone
INV02091,mouse
INV02424,notebook
INV05041,keyboard
INV04100,mouse
INV05030,keyboard
INV07016,smartphone
INV06978,clocks
INV00521,notebook
INV00109,smartphone
INV07778,mouse
INV08590,headphone
INV02481,desktop
INV00258,clocks
INV00187,monitor
INV05100,smartphone
INV04639,clocks
INV02476,clocks
INV02727,clocks
INV07071,keyboard
INV07625,monitor
INV02588,mouse
INV08011,smartphone
INV03598,notebook
INV08692,smartphone
INV01500,mouse
INV08554,smartphone
INV00237,notebook
INV09948,smartphone
INV01473,tv
INV00855,smartphone
INV05502,mouse
INV03688,headphone
INV06464,notebook
INV01153,mouse
INV07116,smartphone
INV04080,keyboard
INV09768,tablet
INV09011,headphone
INV07482,desktop
INV07898,mouse
INV02217,mouse
INV01823,smartphone
INV01715,headphone
INV01284,monitor
INV04790,desktop
INV06902,mouse
INV08784,mouse
INV09888,mouse
INV03204,headphone
INV03362,smartphone
INV05390,notebook
INV02096,clocks
INV03845,headphone
INV08613,mouse
INV01046,monitor
INV05329,notebook
INV01127,desktop
INV06142,desktop
INV08560,smartphone
INV08015,headphone
INV08712,headphone
INV03455,notebook
INV06443,keyboard
INV02271,desktop
INV01088,notebook
INV09842,mouse
INV02515,headphone
INV00673,monitor
INV07373,smartphone
INV09830,headphone
INV07981,keyboard
INV07267,notebook
INV03468,desktop
INV03145,monitor
INV08876,smartphone
INV05422,printer
INV05694,notebook
INV05499,keyboard
INV06962,notebook
INV07748,key_board
INV00834,mouse
INV01315,monitor
INV06287,monitor
INV02232,notebook
INV06780,smartphone
INV09980,smartphone
INV06717,keyboard
INV01024,headphone
INV06740,smatphone
INV08864,tablet
INV00553,mouse
INV02575,keyboard
INV07456,mouse
INV07105,smartphone
INV09128,headphone
INV02390,headphone
INV06957,clocks
INV03361,headphone
INV00272,monitor
INV02544,clocks
INV01849,smartphone
INV03444,mouse
INV04602,headphone
INV02337,monitor
INV08597,keyboard
INV01462,desktop
INV05169,smartphone
INV06294,tv
INV04970,monitor
INV03215,smartphone
INV07467,mouse
INV01716,keyboard
INV09178,clocks
INV08772,keyboard
INV04865,smartphone
INV05425,keyboard
INV08616,keyboard
INV06383,notebook
INV01060,smartphone
INV07892,monitor
INV07718,keyboard
INV07915,smatphone
INV06971,smartphone
INV09391,mouse
INV05259,keyboard
INV02704,headphone
INV07626,keyboard
INV08535,headphone
INV03696,notebook
INV09788,monitor
INV07524,keyboard
INV03248,monitor
INV09603,keyboard
INV01829,headphone
INV01876,mouse
INV00243,mouse
INV02768,notebook
INV05820,clocks
INV06709,clocks
INV03193,smartphone
INV09426,mouse
INV00051,notebook
INV04519,mouse
INV01771,monitor
INV02860,headphone
INV05548,desktop
INV03975,monitor
INV01422,keyboard
INV04547,keyboard
INV04481,
INV03755,clocks
INV02792,notebook
INV07164,smartphone
INV02806,notebook
INV07063,desktop
INV05745,monitor
INV04197,tablet
INV07221,keyboard
INV06738,monitor
INV03279,notebook
INV01170,smartphone
INV06567,monitor
INV07505,keyboard
INV03092,clocks
INV01525,headphone
INV09941,monitor
INV03979,keyboard
INV01359,monitor
INV01955,keyboard
INV03937,keyboard
INV04390,clocks
INV08108,monitor
INV01097,headphone
INV03333,headphone
INV05703,notebook
INV05889,notebook
INV03504,desktop
INV08004,monitor
INV05403,tablet
INV03018,mouse
INV06798,mouse
INV00838,smartphone
INV08801,smartphone
INV00991,keyboard
INV04159,smartphone
INV06352,keyboard
INV01569,headphone
INV04654,mouse
INV03239,monitor
INV03566,smartphone
INV08905,headphone
INV06833,keyboard
INV02696,smartphone
INV03273,clocks
INV00804,smartphone
INV05450,headphone
INV02879,monitor
INV07037,notebook
INV04094,mouse
INV09743,mouse
INV08593,keyboard
INV04543,headphone
INV06228,headphone
INV08756,notebook
INV01167,desktop
INV00778,desktop
INV03011,smartphone
INV09783,smatphone
INV06641,monitor
INV01418,notebook
INV01784,keyboard
INV03582,mouse
INV08693,mouse
INV06492,desktop
INV01540,smartphone
INV06062,notebook
INV08070,key_board
INV07686,notebook
INV01317,monitor
INV01894,keyboard
INV06741,desktop
INV07006,clocks
INV00339,mause
INV02324,keyboard
INV02632,clocks
INV02338,mouse
INV06310,headphone
INV03888,smartphone
INV04604,notebook
INV07363,keyboard
INV08040,mouse
INV01577,smartphone
INV04923,
INV09995,headphone
INV09863,smartphone
INV04180,smartphone
INV00660,headphone
INV06064,notebook
INV05650,keyboard
INV04896,mouse
INV08970,printer
INV07143,keyboard
INV03476,notebook
INV03091,desktop
INV01353,notebook
INV06147,mouse
INV00180,headphone
INV01714,mouse
INV01882,desktop
INV03428,smartphone
INV01576,keyboard
INV09244,monitor
INV01113,monitor
INV08405,mouse
INV04721,desktop
INV06398,mouse
INV02410,keyboard
INV04974,keyboard
INV04052,notebook
INV02740,smartphone
INV01219,headphone
INV05334,mouse
INV03723,notebook
INV05630,monitor
INV09969,keyboard
INV08736,monitor
INV00950,notebook
INV07560,desktop
INV04500,monitor
INV08949,headphone
INV04141,monitor
INV05553,notebook
INV01983,clocks
INV05637,monitor
INV01483,smartphone
INV08762,mouse
INV09158,desktop
INV07698,headphone
INV05470,keyboard
INV02237,smartphone
INV05644,headphone
INV04384,smartphone
INV04699,printer
INV05155,smartphone
INV02313,smartphone
INV02894,smartphone
INV06548,monitor
INV06609,clocks
INV01809,notebook
INV00346,keyboard
INV07543,headphone
INV03078,notebook
INV09744,headphone
INV06716,tablet
INV09006,mouse
INV02795,desktop
INV07923,printer
INV09158,keyboard
INV05621,keyboard
INV09696,keyboard
INV02807,monitor
INV01053,monitor
INV02761,keyboard
INV05927,monitor
INV05856,keyboard
INV03762,keyboard
INV04679,desktop
INV04910,monitor
INV06843,keyboard
INV01127,mouse
INV06618,smartphone
INV08217,smartphone
INV00688,desktop
INV04113,headphone
INV05371,desktop
INV06938,smartphone
INV02939,desktop
INV00022,mouse
INV06886,smartphone
INV02557,smartphone
INV06181,keyboard
INV09520,monitor
INV01195,
INV05136,mouse
INV08898,smartphone
INV01610,keyboard
INV02342,notebook
INV00390,smartphone
INV02286,printer
INV09632,notebook
INV00458,mouse
INV01972,smartphone
INV04660,clocks
INV08113,headphone
INV08750,smartphone
INV03010,desktop
INV04939,notebook
INV01298,notebook
INV08858,keyboard
INV02271,keyboard
INV07827,keyboard
INV01430,smartphone
INV06892,desktop
INV04468,headphone
INV08953,mouse
INV08784,desktop
INV02896,headphone
INV04094,notebook
INV09515,keyboard
INV00857,keyboard
INV02920,mouse
INV01778,headphone
INV03797,mause
INV01879,smartphone
INV00201,smartphone
INV05116,monitor
INV02251,monitor
INV08984,monitor
INV00685,keyboard
INV02869,mouse
INV08375,notebook
INV07549,smartphone
INV04321,tablet
INV06411,keyboard
INV04673,smartphone
INV01235,clocks
INV05520,mouse
INV01630,tv
INV03640,keyboard
INV04788,smartphone
INV01812,keyboard
INV02912,clocks
INV03673,mouse
INV02535,clocks
INV02639,smartphone
INV08892,headphone
INV09387,smartphone
INV07931,smartphone
INV02553,monitor
INV09494,tv
INV08977,monitor
INV03274,desktop
INV06471,headphone
INV03292,notebook
INV00196,monitor
INV07522,mouse
INV03463,clocks
INV01905,keyboard
INV01657,desktop
INV01899,monitor
INV08973,headphone
INV05072,headphone
INV01294,smartphone
INV05042,smartphone
INV01435,mouse
INV01555,clocks
INV05475,mouse
INV07320,smartphone
INV07747,keyboard
INV05740,headphone
INV07980,smartphone
INV02697,notebook
INV04225,smartphone
INV09417,notebook
INV04654,keyboard
INV00121,smartphone
INV01199,keyboard
INV01639,mouse
INV07166,notebook
INV09637,keyboard
INV02192,headphone
INV05635,printer
INV08438,desktop
INV00665,clocks
INV07765,monitor
INV05384,notebook
INV07939,notebook
INV05321,monitor
INV07445,notebook
INV04671,smartphone
INV02819,keyboard
INV02093,clocks
INV05126,headphone
INV01525,smartphone
INV04447,headphone
INV07287,keyboard
INV05003,keyboard
INV05282,notebook
INV09269,keyboard
INV09707,headphone
INV09442,desktop
INV06730,monitor
INV09199,monitor
INV01796,desktop
INV02158,keyboard
INV07139,mouse
INV01724,desktop
INV04179,monitor
INV01207,keyboard
INV05440,tv
INV01680,smartphone
INV04208,keyboard
INV01491,clocks
INV09158,monitor
INV04506,smartphone
INV03293,tablet
INV06282,mouse
INV04292,notebook
INV09703,mouse
INV06290,desktop
INV04088,notebook
INV03575,smartphone
INV05608,mouse
INV09030,headphone
INV09458,clocks
INV08201,headphone
INV01439,headphone
INV05741,mouse
INV03505,mouse
INV04359,keyboard
INV08809,notebook
INV01844,smartphone
INV09455,monitor
INV00126,desktop
INV04877,monitor
INV01015,desktop
INV09598,desktop
INV01006,notebook
INV07656,smartphone
INV03099,clocks
INV09320,notebook
INV03498,notebook
INV04634,notebook
INV02436,keyboard
INV07619,desktop
INV05616,printer
INV03998,notebook
INV04917,keyboard
INV02528,notebook
INV07253,clocks
INV09238,mouse
INV00941,mause
INV02549,smartphone
INV04972,clocks
INV09227,headphone
INV05735,smartphone
INV02803,headphone
INV07334,headphone
INV08392,mouse
INV03533,smartphone
INV01901,keyboard
INV02267,headphone
INV05972,notebook
INV07860,notebook
INV06261,notebook
INV04831,desktop
INV05699,desktop
INV07069,clocks
INV09887,monitor
INV02249,notebook
INV06014,mouse
INV08071,mouse
INV09990,keyboard
INV00572,mouse
INV01273,desktop
INV05423,notebook
INV08184,clocks
INV04977,smartphone
INV00594,mouse
INV00537,keyboard
INV07376,tablet
INV02678,notebook
INV06363,clocks
INV03033,desktop
INV01639,notebook
INV00156,smartphone
INV07218,mouse
INV06830,headphone
INV05465,mouse
INV06044,smartphone
INV02917,notebook
INV04717,clocks
INV09281,monitor
INV00176,keyboard
INV08902,tablet
INV03971,keyboard
INV06853,notebook
INV09778,headphone
INV09463,mouse
INV09419,headphone
INV03708,keyboard
INV00655,smartphone
INV09449,headphone
INV08272,notebook
INV03274,keyboard
INV03252,mouse
INV01315,mouse
INV04777,notebook
INV01633,clocks
INV07085,notebook
INV05315,mouse
INV05277,mouse
INV02726,desktop
INV03502,desktop
INV01127,monitor
INV08861,desktop
INV01977,mouse
INV04233,tablet
INV03804,notebook
INV00293,clocks
INV09520,desktop
INV02545,mouse
INV09124,notebook
INV08780,mouse
INV05522,notebook
INV02852,smartphone
INV02162,clocks
INV03339,notebook
INV00584,smatphone
INV08264,smartphone
INV09715,notebook
INV04798,mouse
INV06253,desktop
INV06375,desktop
INV06496,notebook
INV04269,headphone
INV05343,
INV08102,smartphone
INV08586,notebook
INV00095,headphone
INV07083,mouse
INV08289,mouse
INV03155,mouse
INV07131,clocks
INV08520,tablet
INV00036,notebook
INV03764,mouse
INV08553,headphone
INV01116,smartphone
INV06258,keyboard
INV04131,smartphone
INV09817,smartphone
INV04112,desktop
INV02635,keyboard
INV06950,mouse
INV09257,monitor
INV06510,mouse
INV02491,keyboard
INV07598,mouse
INV05721,keyboard
INV08680,monitor
INV04825,headphone
INV02009,tablet
INV03613,keyboard
INV00414,notebook
INV00871,mouse
INV08189,mouse
INV07115,desktop
INV00337,desktop
INV05028,headphone
INV09757,notebook
INV07434,headphone
INV02619,smartphone
INV02782,smartphone
INV07165,smartphone
INV06846,smartphone
INV08130,clocks
INV03521,notebook
INV09890,mouse
INV04846,headphone
INV09350,notebook
INV09360,clocks
INV06604,desktop
INV01899,keyboard
INV00345,mouse
INV01425,notebook
INV07447,clocks
INV05092,notebook
INV09782,smartphone
INV00067,tv
INV01210,clocks
INV00305,keyboard
INV04664,notebook
INV06205,notebook
INV08653,mouse
INV00246,mouse
INV03851,headphone
INV09594,monitor
INV01246,mouse
INV02120,keyboard
INV05478,tablet
INV04320,printer
INV09720,headphone
INV05964,headphone
INV02474,headphone
INV03055,smartphone
INV04436,keyboard
INV08896,keyboard
INV02353,notebook
INV08407,monitor
INV07918,headphone
INV04775,keyboard
INV02648,keyboard
INV08860,mouse
INV01730,notebook
INV02757,monitor
INV05800,headphone
INV00290,mouse
INV08343,monitor
INV09125,smartphone
INV09931,desktop
INV05650,notebook
INV04812,headphone
INV09105,note_book
INV00367,smartphone
INV09564,smartphone
INV06648,notebook
INV06771,desktop
INV06048,desktop
INV05292,keyboard
INV07872,mouse
INV04955,mouse
INV08393,headphone
INV01964,mouse
INV06380,keyboard
INV03738,tv
INV06554,keyboard
INV05177,monitor
INV04773,smartphone
INV06888,smartphone
INV02637,mouse
INV04413,keyboard
INV08142,smartphone
INV03295,notebook
INV04144,desktop
INV08397,notebook
INV05323,headphone
INV04504,headphone
INV01360,printer
INV08890,notebook
INV04309,monitor
INV08851,notebook
INV00677,smartphone
INV09968,desktop
INV09634,smartphone
INV02144,notebook
INV05156,smartphone
INV00484,smartphone
INV01961,monitor
INV08446,monitor
INV03153,notebook
INV00764,notebook
INV09334,headphone
INV08094,desktop
INV09968,mouse
INV02450,tablet
INV07512,keyboard
INV09358,monitor
INV09726,desktop
INV05115,notebook
INV08803,notebook
INV00824,notebook
INV00483,monitor
INV08400,keyboard
INV04689,clocks
INV01329,clocks
INV07981,mouse
INV04374,keyboard
INV00071,headphone
INV01793,smartphone
INV06868,notebook
INV07941,keyboard
INV00665,smartphone
INV03504,monitor
INV03723,mouse
INV07943,smartphone
INV07833,mouse
INV02818,desktop
INV07134,desktop
INV02922,notebook
INV04033,mouse
INV02240,notebook
INV09333,smartphone
INV00846,headphone
INV01086,headphone
INV02535,smartphone
INV09142,notebook
INV03145,desktop
INV04567,notebook
INV09571,mouse
INV08131,mouse
INV04253,tv
INV09159,mouse
INV01120,keyboard
INV00506,notebook
INV03700,monitor
INV06166,tablet
INV04333,keyboard
INV09773,keyboard
INV08176,headphone
INV04732,smartphone
INV03449,mouse
INV04111,desktop
INV03910,notebook
INV07353,keyboard
INV03818,headphone
INV09696,mouse
INV07326,clocks
INV00244,mouse
INV08451,notebook
INV08169,keyboard
INV00857,notebook
INV06147,notebook
INV08760,headphone
INV09878,clocks
INV03303,notebook
INV00207,notebook
INV02861,smartphone
INV07489,headphone
INV03399,notebook
INV02907,monitor
INV08401,smartphone
INV00927,smartphone
INV08482,desktop
INV08174,smartphone
INV05822,smartphone
INV04584,desktop
INV01409,notebook
INV05631,headphone
INV02666,smartphone
INV02540,mouse
INV04485,headphone
INV07840,notebook
INV09063,notebook
INV03485,smartphone
INV03777,mouse
INV07970,headphone
INV00296,smartphone
INV00568,keyboard
INV03192,desktop
INV00498,notebook
INV04556,desktop
INV03463,smartphone
INV05462,mouse
INV04465,smartphone
INV07769,headphone
INV09441,smartphone
INV07752,notebook
INV07237,monitor
INV09300,keyboard
INV08823,tablet
INV06287,keyboard
INV03305,keyboard
INV01008,monitor
INV07485,keyboard
INV00429,notebook
INV09264,mouse
INV04911,
INV05596,smartphone
INV09101,headphone
INV08031,headphone
INV01998,note_book
INV03773,keyboard
INV01425,keyboard
INV01057,monitor
INV08025,notebook
INV00380,headphone
INV03163,desktop
INV03198,clocks
INV07302,smartphone
INV03945,mouse
INV03878,monitor
INV04495,smartphone
INV07027,notebook
INV01873,keyboard
INV00477,smartphone
INV09649,mouse
INV06968,mouse
INV05575,mouse
INV00564,notebook
INV02932,smartphone
INV05171,desktop
INV01387,clocks
INV03439,mouse
INV05386,notebook
INV07487,smartphone
INV00133,headphone
INV00909,monitor
INV04776,mouse
INV03558,keyboard
INV09393,headphone
INV00376,mouse
INV07525,smartphone
INV02436,monitor
INV07426,headphone
INV06553,notebook
INV04265,headphone
INV07540,clocks
INV01259,smartphone
INV00791,clocks
INV01408,mouse
INV03589,monitor
INV09401,notebook
INV09516,headphone
INV04712,smartphone
INV03572,clocks
INV03112,headphone
INV06248,smartphone
INV06920,desktop
INV03436,monitor
INV04121,notebook
INV04866,notebook
INV02269,smartphone
INV05106,mouse
INV00669,mouse
INV07551,keyboard
INV03331,monitor
INV03689,smartphone
INV02051,notebook
INV05249,clocks
INV06002,notebook
INV02106,clocks
INV08502,smartphone
INV07664,mouse
INV09231,mouse
INV09688,smartphone
INV08572,headphone
INV05829,smartphone
INV09587,mouse
INV04275,note_book
INV08546,smartphone
INV09604,mouse
INV06063,smartphone
INV06711,keyboard
INV00592,mouse
INV01391,notebook
INV07168,smartphone
INV00615,headphone
INV06239,headphone
INV05435,mouse
INV01584,mouse
INV05928,smartphone
INV08414,notebook
INV09644,headphone
INV02030,keyboard
INV02898,keyboard
INV02449,headphone
INV04135,keyboard
INV09762,clocks
INV00468,keyboard
INV07550,keyboard
INV09953,mouse
INV07083,desktop
INV04646,desktop
INV07317,printer
INV02826,clocks
INV04697,notebook
INV01181,mouse
INV07515,smartphone
INV05764,monitor
INV04025,clocks
INV08513,keyboard
INV00310,tablet
INV03740,clocks
INV06294,headphone
INV04283,smartphone
INV09257,keyboard
INV07163,mouse
INV03825,clocks
INV06489,keyboard
INV00003,clocks
INV02204,headphone
INV04211,mouse
INV04421,keyboard
INV08856,desktop
INV06289,mouse
INV09815,clocks
INV01811,smartphone
INV08609,tv
INV03807,keyboard
INV05176,notebook
INV01932,desktop
INV06208,headphone
INV01193,notebook
INV08164,clocks
INV09650,headphone
INV05421,smartphone
INV05671,headphone
INV03157,notebook
INV03251,mouse
INV00136,headphone
INV01544,headphone
INV04536,notebook
INV06796,desktop
INV05157,headphone
INV09531,mouse
INV00913,smartphone
INV07056,desktop
INV01033,smartphone
INV03443,smartphone
INV04994,notebook
INV07392,desktop
INV08249,mouse
INV05231,mouse
INV05596,clocks
INV09519,mouse
INV05799,clocks
INV00900,notebook
INV03150,smartphone
INV04039,notebook
INV07346,key_board
INV08288,headphone
INV04246,smartphone
INV08090,notebook
INV02223,mouse
INV04998,mouse
INV02867,notebook
INV07934,mouse
INV08610,tablet
INV06072,mouse
INV08061,headphone
INV01885,smartphone
INV00036,mouse
INV08756,mouse
INV07655,tv
INV05534,headphone
INV00428,keyboard
INV09540,notebook
INV06090,headphone
INV03474,notebook
INV06227,desktop
INV03789,clocks
INV01127,keyboard
INV05734,headphone
INV06648,mouse
INV02658,notebook
INV03075,monitor
INV06395,smartphone
INV01944,tv
INV02293,headphone
INV02330,desktop
INV01306,monitor
INV09836,notebook
INV09096,smartphone
INV01433,headphone
INV04484,keyboard
INV05001,headphone
INV01829,smartphone
INV06816,smartphone
INV03850,desktop
INV01994,smartphone
INV03294,headphone
INV02349,smartphone
INV02069,keyboard
INV09480,clocks
INV08735,clocks
INV00051,mouse
INV05848,mouse
INV05322,smartphone
INV05281,headphone
INV02648,mouse
INV08779,mouse
INV05690,desktop
INV03743,mouse
INV07435,notebook
INV09241,notebook
INV08965,headphone
INV07454,keyboard
INV00491,smartphone
INV01421,clocks
INV05992,mouse
INV04282,headphone
INV02044,headphone
INV01732,keyboard
INV00072,desktop
INV06556,clocks
INV06723,notebook
INV07088,mause
INV06052,notebook
INV05710,keyboard
INV08458,mouse
INV05913,headphone
INV04255,clocks
INV02667,keyboard
INV06659,monitor
INV02766,keyboard
INV04950,smatphone
INV05122,monitor
INV07988,smartphone
INV05720,mouse
INV00785,smartphone
INV09367,headphone
INV05994,headphone
INV04286,keyboard
INV03608,smartphone
INV08804,headphone
INV01230,desktop
INV06476,desktop
INV09458,smartphone
INV04133,mouse
INV09902,notebook
INV08954,notebook
INV05533,smartphone
INV09384,smatphone
INV03233,smartphone
INV07242,clocks
INV01597,headphone
INV04673,headphone
INV01708,notebook
INV01277,headphone
INV09904,note_book
INV07930,headphone
INV03728,clocks
INV00653,notebook
INV00829,desktop
INV07997,mouse
INV08955,keyboard
INV01157,note_book
INV02818,mouse
INV04408,clocks
INV00966,notebook
INV07040,tv
INV00252,mouse
INV07677,clocks
INV06048,mouse
INV09035,desktop
INV02528,keyboard
INV08241,mouse
INV04763,smartphone
INV09944,headphone
INV08181,desktop
INV09024,headphone
INV07716,mouse
INV05162,smartphone
INV03958,clocks
INV08262,desktop
INV05927,mouse
INV00553,notebook
INV07621,notebook
INV07423,keyboard
INV06539,printer
INV09623,desktop
INV05193,notebook
INV04560,keyboard
INV08572,smartphone
INV04103,smartphone
INV06790,clocks
INV03034,notebook
INV01570,smartphone
INV07072,desktop
INV07024,notebook
INV00883,mouse
INV01985,smartphone
INV05153,keyboard
INV00791,smartphone
INV02096,smartphone
INV09295,printer
INV07619,monitor
INV09742,notebook
INV08033,smartphone
INV01482,clocks
INV07814,headphone
INV03145,keyboard
INV05064,desktop
INV07264,
INV00906,tablet
INV07394,keyboard
INV04206,clocks
INV06450,
INV06585,desktop
INV03125,smartphone
INV03879,clocks
INV08631,monitor
INV03032,headphone
INV09780,notebook
INV07867,smartphone
INV00929,smartphone
INV07167,desktop
INV01780,smartphone
INV03633,desktop
INV03947,mouse
INV05409,mouse
INV08625,desktop
INV06573,smartphone
INV08022,monitor
INV05841,keyboard
INV02590,mouse
INV06055,keyboard
INV03135,mouse
INV01820,smartphone
INV07649,mouse
INV06497,headphone
INV06430,printer
INV09848,notebook
INV01125,clocks
INV08255,keyboard
INV08460,keyboard
INV02671,notebook
INV00394,mouse
INV07121,mouse
INV03841,mouse
INV04116,mouse
INV00348,headphone
INV03652,keyboard
INV06159,mouse
INV02201,desktop
INV07440,notebook
INV08996,notebook
INV08525,notebook
INV06144,clocks
INV09270,clocks
INV01222,headphone
INV08253,desktop
INV01672,desktop
INV08568,smartphone
INV08201,smartphone
INV06679,notebook
INV07709,desktop
INV07379,notebook
INV04215,mouse
INV06589,smartphone
INV08126,headphone
INV07533,smartphone
INV00446,tablet
INV04619,mouse
INV05912,monitor
INV09589,clocks
INV02732,keyboard
INV08903,smartphone
INV02215,desktop
INV07526,keyboard
INV01884,mouse
INV02162,smartphone
INV09877,smartphone
INV01992,keyboard
INV02158,desktop
INV08522,notebook
INV08498,keyboard
INV09846,desktop
INV06220,printer
INV01460,notebook
INV02340,notebook
INV06991,headphone
INV01066,smartphone
INV04335,headphone
INV05837,smartphone
INV00324,tablet
INV04500,keyboard
INV08524,key_board
INV07751,notebook
INV03865,keyboard
INV08649,smartphone
INV08060,tv
INV07900,desktop
INV09990,keyboard
INV01153,keyboard
INV02646,notebook
INV08356,notebook
INV01929,smartphone
INV01442,clocks
INV07222,notebook
INV05542,smartphone
INV05574,mouse
INV09356,mouse
INV00750,mouse
INV01781,smartphone
INV06260,keyboard
INV09006,notebook
INV00164,clocks
INV09939,notebook
INV06001,keyboard
INV07346,notebook
INV09348,smartphone
INV07907,keyboard
INV07984,clocks
INV08984,mouse
INV06225,headphone
INV01963,notebook
INV02588,notebook
INV05485,printer
INV00185,mouse
INV00824,mouse
INV09683,keyboard
INV08681,smartphone
INV08295,clocks
INV05418,mouse
INV08574,smartphone
INV04403,headphone
INV06083,mouse
INV02334,keyboard
INV01131,smartphone
INV07704,keyboard
INV06800,keyboard
INV05085,tablet
INV00190,notebook
INV00185,monitor
INV02809,mouse
INV03451,desktop
INV04851,clocks
INV06536,headphone
INV09470,clocks
INV02950,smartphone
INV06540,clocks
INV07314,notebook
INV06973,smartphone
INV05515,smartphone
INV02529,smartphone
INV06716,clocks
INV08978,headphone
INV09409,notebook
INV01921,notebook
INV01720,mouse
INV02247,smartphone
INV03015,monitor
INV08003,headphone
INV02442,desktop
INV00399,smartphone
INV00077,desktop
INV05663,headphone
INV08323,smatphone
INV09521,mouse
INV01323,mouse
INV09865,desktop
INV09300,monitor
INV03750,smartphone
INV04922,monitor
INV04637,desktop
INV01910,keyboard
INV07899,notebook
INV01359,desktop
INV04819,smartphone
INV03129,clocks
INV05225,notebook
INV03179,notebook
INV03663,headphone
INV01773,keyboard
INV09203,mouse
INV09458,headphone
INV00325,mouse
INV03546,mouse
INV05689,smartphone
INV06886,headphone
INV06704,notebook
INV00633,printer
INV04610,smartphone
INV06437,mouse
INV03868,desktop
INV07291,mouse
INV01184,smartphone
INV02078,notebook
INV04484,notebook
INV08202,mouse
INV03657,mouse
INV08148,key_board
INV02915,keyboard
INV04060,mouse
INV09692,desktop
INV08281,keyboard
INV03834,smartphone
INV05314,keyboard
INV01494,printer
INV05107,printer
INV03153,mouse
INV08017,keyboard
INV06152,mouse
INV01821,desktop
INV02029,keyboard
INV05333,headphone
INV08585,headphone
INV09817,clocks
INV06537,clocks
INV01860,monitor
INV04507,mouse
INV01078,notebook
INV05094,mouse
INV02849,smartphone
INV09592,notebook
INV06518,clocks
INV08444,keyboard
INV04733,notebook
INV09731,smartphone
INV07021,mouse
INV09877,headphone
INV06082,mouse
INV00207,mouse
INV05585,smartphone
INV03891,notebook
INV06639,headphone
INV08769,smatphone
INV05385,smartphone
INV07070,clocks
INV05237,notebook
INV07239,keyboard
INV08626,smartphone
INV08573,notebook
INV04425,mouse
INV00603,headphone
INV01548,headphone
INV03882,mouse
INV00378,headphone
INV05617,clocks
INV07805,mouse
INV01805,notebook
INV08791,mouse
INV09272,headphone
INV07794,monitor
INV03705,monitor
INV07579,notebook
INV01010,keyboard
INV06931,printer
INV00039,headphone
INV09948,clocks
INV01312,keyboard
INV05810,mouse
INV00630,monitor
INV05695,notebook
INV09352,keyboard
INV06993,smartphone
INV00171,notebook
INV07406,keyboard
INV02090,headphone
INV03980,desktop
INV06322,clocks
INV05043,notebook
INV01997,notebook
INV02594,mouse
INV03935,monitor
INV01983,smartphone
INV04888,clocks
INV04815,monitor
INV06160,notebook
INV02903,desktop
INV00245,smartphone
INV05628,smartphone
INV06862,desktop
INV07704,mouse
INV09912,smartphone
INV04502,clocks
INV03892,smartphone
INV01701,notebook
INV05974,desktop
INV06937,headphone
INV04801,keyboard
INV01278,headphone
INV08645,mouse
INV03073,mouse
INV09085,mouse
INV03747,smartphone
INV00879,mouse
INV04355,smartphone
INV05578,headphone
INV03444,notebook
INV04975,notebook
INV04335,clocks
INV01008,keyboard
INV00640,
INV03002,mouse
INV04091,mouse
INV00475,smartphone
INV06161,headphone
INV07195,printer
INV09396,keyboard
INV01702,smartphone
INV07036,headphone
INV07072,tv
INV03079,smartphone
INV07860,mouse
INV07921,smartphone
INV02026,smartphone
INV07154,smartphone
INV03322,clocks
INV05092,mouse
INV03210,smartphone
INV04843,notebook
INV01660,keyboard
INV04489,monitor
INV07936,smartphone
INV04266,smartphone
INV04952,mouse
INV09521,keyboard
INV00756,mouse
INV00381,monitor
INV04751,monitor
INV07607,printer
INV02334,desktop
INV01571,smartphone
INV04126,desktop
INV07393,notebook
INV02633,keyboard
INV06196,mouse
INV04745,notebook
INV02001,smartphone
INV08065,keyboard
INV03636,notebook
INV03957,notebook
INV02069,notebook
INV08076,printer
INV05265,smartphone
INV05785,monitor
INV02364,clocks
INV06402,monitor
INV03065,monitor
INV01726,headphone
INV01089,notebook
INV01175,mouse
INV03208,keyboard
INV04077,smatphone
INV07486,monitor
INV04381,smartphone
INV04767,mouse
INV08756,keyboard
INV05086,keyboard
INV07661,keyboard
INV01917,desktop
INV01337,smartphone
INV05239,smartphone
INV07372,mouse
INV03463,smartphone
INV04766,smartphone
INV05756,printer
INV04881,clocks
INV04412,smartphone
INV08555,mouse
INV03901,keyboard
INV04880,headphone
INV06240,keyboard
INV04781,mouse
INV08849,mouse
INV03919,mouse
INV06837,desktop
INV01688,mouse
INV01993,headphone
INV00339,keyboard
INV08449,mouse
INV04537,notebook
INV08581,keyboard
INV04734,desktop
INV01835,smartphone
INV04967,keyboard
INV09212,notebook
INV07537,smartphone
INV00381,mouse
INV01938,keyboard
INV02418,notebook
INV09219,smartphone
INV09967,keyboard
INV08467,notebook
INV09074,mouse
INV02227,clocks
INV00448,monitor
INV08489,monitor
INV04809,keyboard
INV04529,smartphone
INV01158,mouse
INV03675,clocks
INV05781,mouse
INV02497,desktop
INV04779,headphone
INV03538,tablet
INV09726,keyboard
INV01571,headphone
INV01725,notebook
INV03597,clocks
INV06617,smartphone
INV02041,clocks
INV06841,smartphone
INV07194,mouse
INV09155,keyboard
INV05519,mouse
INV03262,printer
INV03251,desktop
INV03942,mouse
INV00438,printer
INV00828,notebook
INV06964,smartphone
INV01669,monitor
INV02169,mouse
INV09998,mouse
INV00040,smatphone
INV05423,mouse
INV08268,clocks
INV01745,mouse
INV02482,mouse
INV05287,notebook
INV02053,desktop
INV05343,smartphone
INV08982,keyboard
INV03517,keyboard
INV08950,notebook
INV07653,notebook
INV04169,notebook
INV07809,smartphone
INV07555,keyboard
INV07753,smartphone
INV08860,notebook
INV07169,mouse
INV00376,notebook
INV02452,keyboard
INV01831,notebook
INV09474,mouse
INV04517,headphone
INV08318,smartphone
INV02398,headphone
INV03761,notebook
INV02469,headphone
INV07051,keyboard
INV02915,mause
INV06365,headphone
INV01129,keyboard
INV00998,smatphone
INV04908,headphone
INV01247,headphone
INV04086,mouse
INV07423,notebook
INV06761,monitor
INV05296,smartphone
INV03704,keyboard
INV06478,printer
INV09736,smartphone
INV02534,notebook
INV01616,
INV08344,notebook
INV09326,clocks
INV08727,mouse
INV02967,monitor
INV05256,notebook
INV04925,smartphone
INV01248,headphone
INV07042,keyboard
INV03441,notebook
INV08136,mouse
INV09636,headphone
INV03542,headphone
INV02313,headphone
INV05863,headphone
INV03294,clocks
INV05233,smartphone
INV00883,notebook
INV08614,smartphone
INV04493,mouse
INV08792,headphone
INV05979,notebook
INV09603,notebook
INV02472,smartphone
INV07872,desktop
INV04821,headphone
INV08774,tv
INV00252,keyboard
INV03080,keyboard
INV01886,notebook
INV08270,keyboard
INV03936,monitor
INV05280,mouse
INV07559,keyboard
INV09927,smartphone
INV05854,notebook
INV02871,notebook
INV09862,monitor
INV00401,smartphone
INV01966,mouse
INV03652,mouse
INV07344,mouse
INV06508,headphone
INV09237,keyboard
INV01215,smartphone
INV03005,mouse
INV09869,desktop
INV04568,clocks
INV07293,mouse
INV06583,monitor
INV04757,smartphone
INV02066,desktop
INV09506,smartphone
INV08081,notebook
INV06532,mouse
INV05679,monitor
INV07062,monitor
INV01552,keyboard
INV04941,desktop
INV08068,keyboard
INV07557,keyboard
INV06687,headphone
INV04772,mouse
INV06886,clocks
INV03593,headphone
INV09828,desktop
INV00777,headphone
INV03326,notebook
INV00178,headphone
INV04263,mouse
INV04092,notebook
INV08274,headphone
INV09991,mouse
INV01508,mouse
INV09611,keyboard
INV03925,notebook
INV09381,smartphone
INV02111,notebook
INV00551,smartphone
INV09099,keyboard
INV00056,smartphone
INV01815,keyboard
INV04061,smartphone
INV00632,keyboard
INV00489,headphone
INV01754,headphone
INV02213,tv
INV06387,headphone
INV07144,notebook
INV01184,clocks
INV02378,tablet
INV01799,notebook
INV09954,clocks
INV00143,mouse
INV09830,smartphone
INV05352,mouse
INV04978,desktop
INV03643,mouse
INV04947,headphone
INV01466,notebook
INV09324,desktop
INV00753,mouse
INV09835,mouse
INV04029,monitor
INV07382,mouse
INV06012,mouse
INV09619,notebook
INV06919,monitor
INV04265,smartphone
INV05394,smartphone
INV01428,keyboard
INV05419,monitor
INV02228,smartphone
INV08211,smartphone
INV05630,desktop
INV09039,smartphone
INV09152,headphone
INV02543,notebook
INV06996,keyboard
INV08114,mouse
INV06424,notebook
INV07498,monitor
INV02750,
INV05129,clocks
INV02395,smartphone
INV06665,desktop
INV04046,headphone
INV06098,mouse
INV02449,smartphone
INV05987,clocks
INV07799,smartphone
INV08717,headphone
INV02049,keyboard
INV07978,mouse
INV02552,monitor
INV02185,smartphone
INV07867,headphone
INV06614,headphone
INV02398,clocks
INV09928,mouse
INV06923,clocks
INV05446,tv
INV00081,printer
INV00227,notebook
INV03316,notebook
INV03148,headphone
INV07327,keyboard
INV01165,keyboard
INV09663,keyboard
INV07886,headphone
INV00767,desktop
INV01852,notebook
INV01063,mouse
INV05794,clocks
INV09110,mouse
INV00808,desktop
INV06119,monitor
INV02814,mouse
INV05340,mouse
INV09371,keyboard
INV01582,monitor
INV07366,monitor
INV07459,smartphone
INV05865,notebook
INV01797,smartphone
INV02358,desktop
INV04056,smartphone
INV01888,mouse
INV03320,clocks
INV01970,tv
INV02963,smartphone
INV03348,smartphone
INV03289,mouse
INV03369,notebook
INV05615,smartphone
INV08459,desktop
INV03744,notebook
INV04161,smartphone
INV02955,headphone
INV08292,headphone
INV04475,keyboard
INV08822,smartphone
INV05899,desktop
INV06998,notebook
INV04659,notebook
INV05002,keyboard
INV00309,clocks
INV07283,clocks
INV01260,keyboard
INV00987,mouse
INV06508,clocks
INV08990,smartphone
INV06627,mouse
INV07664,desktop
INV08224,mause
INV01919,keyboard
INV02099,mouse
INV02844,clocks
INV05696,notebook
INV03527,clocks
INV06313,smartphone
INV07275,monitor
INV05639,monitor
INV01612,clocks
INV08670,notebook
INV00259,smartphone
INV09896,smartphone
INV06740,headphone
INV07451,printer
INV03855,smartphone
INV08880,monitor
INV09559,smartphone
INV02371,clocks
INV02689,desktop
INV07904,desktop
INV07162,mouse
INV03372,smartphone
INV06428,headphone
INV06643,desktop
INV00470,clocks
INV05205,mouse
INV00073,mouse
INV08644,headphone
INV07262,smartphone
INV00239,keyboard
INV01537,keyboard
INV05906,mouse
INV03078,mouse
INV07014,headphone
INV08145,desktop
INV09895,monitor
INV07030,keyboard
INV05646,headphone
INV02881,desktop
INV04062,keyboard
INV01195,keyboard
INV07991,clocks
INV05996,desktop
INV09839,clocks
INV07767,notebook
INV08496,keyboard
INV02631,notebook
INV05539,keyboard
INV08620,monitor
INV08473,keyboard
INV04775,notebook
INV06224,notebook
INV08222,clocks
INV01786,clocks
INV01245,mouse
INV04439,mouse
INV00874,clocks
INV08160,keyboard
INV06004,mouse
INV03140,desktop
INV01695,smartphone
INV06834,smartphone
INV01526,headphone
INV01306,mouse
INV01810,notebook
INV01260,notebook
INV03607,mouse
INV07682,notebook
INV07581,keyboard
INV04820,desktop
INV02152,mouse
INV02600,mouse
INV08935,desktop
INV02236,keyboard
INV02094,keyboard
INV07881,clocks
INV00192,notebook
INV08920,headphone
INV04107,smartphone
INV05543,keyboard
INV01533,notebook
INV03018,notebook
INV07871,desktop
INV09228,desktop
INV02984,keyboard
INV04244,headphone
INV04221,desktop
INV05312,keyboard
INV02036,keyboard
INV05589,keyboard
INV06494,smartphone
INV09605,smartphone
INV05111,keyboard
INV08301,keyboard
INV05370,notebook
INV04129,smartphone
INV08608,notebook
INV08775,desktop
INV08443,mouse
INV06542,mouse
INV08239,tablet
INV01557,keyboard
INV08443,key_board
INV06572,keyboard
INV06273,mouse
INV00628,mouse
INV05460,smartphone
INV04643,notebook
INV00862,mouse
INV06202,keyboard
INV03559,notebook
INV09557,headphone
INV08516,desktop
INV01051,mouse
INV06614,clocks
INV02050,notebook
INV07570,keyboard
INV05039,notebook
INV00998,clocks
INV00722,mouse
INV00848,clocks
INV06986,mouse
INV09992,notebook
INV09615,mouse
INV09180,keyboard
INV03985,clocks
INV08634,mouse
INV05987,smartphone
INV09118,keyboard
INV02608,smartphone
INV06905,mouse
INV00705,clocks
INV01311,smartphone
INV00793,clocks
INV00561,smartphone
INV07684,monitor
INV02240,mouse
INV03387,notebook
INV00407,smartphone
INV06460,note_book
INV02056,headphone
INV03983,keyboard
INV07738,notebook
INV09318,notebook
INV06357,desktop
INV05706,monitor
INV01502,keyboard
INV05035,mouse
INV05361,mouse
INV08192,keyboard
INV08833,mause
INV02814,desktop
INV04156,headphone
INV08223,smartphone
INV03768,notebook
INV01672,keyboard
INV01857,smartphone
INV07624,headphone
INV05434,notebook
INV09003,desktop
INV01688,notebook
INV02443,clocks
INV09405,monitor
INV04100,mouse
INV04926,clocks
INV06198,smartphone
INV03235,tv
INV01699,desktop
INV06601,desktop
INV06865,mouse
INV06028,notebook
INV07353,notebook
INV02081,mouse
INV07372,monitor
INV00643,notebook
INV01733,headphone
INV04872,notebook
INV02755,smartphone
INV04103,headphone
INV09709,keyboard
INV02533,printer
INV01397,smartphone
INV06191,mouse
INV07927,smartphone
INV04992,mouse
INV04187,keyboard
INV06607,keyboard
INV06691,desktop
INV00070,smartphone
INV01479,smartphone
INV05401,clocks
INV05108,monitor
INV08551,keyboard
INV00209,notebook
INV03182,smartphone
INV09287,desktop
INV02090,clocks
INV06438,monitor
INV09061,notebook
INV02655,
INV08605,clocks
INV09361,keyboard
INV02704,smartphone
INV00931,desktop
INV05531,tv
INV01823,headphone
INV03323,monitor
INV03337,headphone
INV01381,desktop
INV00531,clocks
INV00347,mouse
INV04415,keyboard
INV09237,monitor
INV08271,keyboard
INV07598,notebook
INV05943,notebook
INV02284,keyboard
INV04980,mouse
INV05325,desktop
INV08840,keyboard
INV06340,notebook
INV06908,mouse
INV05368,mouse
INV08817,mouse
INV06298,mouse
INV08706,keyboard
INV05847,printer
INV03298,headphone
INV01253,monitor
INV00489,clocks
INV01062,clocks
INV07815,mouse
INV07391,monitor
INV02353,mouse
INV07094,mouse
INV06761,
INV07025,headphone
INV04013,headphone
INV02130,clocks
INV02782,headphone
INV02445,clocks
INV05993,mouse
INV01328,desktop
INV02901,clocks
INV03739,notebook
INV00255,smartphone
INV08510,clocks
INV06663,mouse
INV05315,desktop
INV06309,keyboard
INV05845,monitor
INV07671,keyboard
INV06980,keyboard
INV09623,mouse
INV04956,clocks
INV01041,clocks
INV01058,desktop
INV07766,notebook
INV08575,mouse
INV09791,headphone
INV09906,mouse
INV02626,smartphone
INV07294,notebook
INV07798,notebook
INV09573,printer
INV09110,monitor
INV09688,headphone
INV05708,keyboard
INV00795,mouse
INV09114,smartphone
INV04396,keyboard
INV04172,keyboard
INV02693,smartphone
INV00584,clocks
INV01898,desktop
INV06885,headphone
INV08187,notebook
INV05022,keyboard
INV03172,notebook
INV01406,clocks
INV08662,headphone
INV00386,monitor
INV01758,clocks
INV07041,keyboard
INV01044,monitor
INV04837,notebook
INV06669,notebook
INV06999,
INV04442,clocks
INV04357,notebook
INV00279,tv
INV00009,desktop
INV03645,smartphone
INV07228,keyboard
INV05016,headphone
INV09554,notebook
INV04189,desktop
INV03421,mouse
INV02333,smartphone
INV00061,desktop
INV02871,mouse
INV03178,notebook
INV09336,headphone
INV03615,desktop
INV04207,mouse
INV03529,notebook
INV02258,mouse
INV02176,clocks
INV01291,monitor
INV06377,keyboard
INV00013,clocks
INV03687,monitor
INV04237,mouse
INV00753,notebook
INV07448,headphone
INV06907,monitor
INV05997,notebook
INV01162,mouse
INV04091,desktop
INV00875,monitor
INV01174,headphone
INV04982,keyboard
INV00701,mouse
INV03564,desktop
INV03991,tablet
INV00331,smartphone
INV03030,notebook
INV00843,keyboard
INV00642,monitor
INV00550,mouse
INV09329,mouse
INV07813,smartphone
INV03628,clocks
INV09443,notebook
INV08491,tablet
INV02975,keyboard
INV06300,keyboard
INV06404,desktop
INV03930,mouse
INV01645,keyboard
INV05619,keyboard
INV00482,headphone
INV04793,headphone
INV02603,mouse
INV06810,tv
INV07623,notebook
INV07055,printer
INV00467,clocks
INV06789,tv
INV07744,headphone
INV01038,keyboard
INV05320,clocks
INV05648,desktop
INV03781,smartphone
INV06241,notebook
INV04029,desktop
INV08329,smartphone
INV01330,clocks
INV01202,tablet
INV00613,smartphone
INV02324,mouse
INV02505,monitor
INV06369,smartphone
INV06246,smartphone
INV00732,mouse
INV09460,desktop
INV07259,keyboard
INV03369,keyboard
INV05956,headphone
INV01729,keyboard
INV06708,clocks
INV05540,keyboard
INV01401,clocks
INV04739,headphone
INV00563,headphone
INV09532,desktop
INV07805,keyboard
INV00171,mouse
INV09238,clocks
INV01896,headphone
INV01073,desktop
INV05990,keyboard
INV00344,smartphone
INV01513,clocks
INV00433,mouse
INV00879,monitor
INV08748,desktop
INV00602,keyboard
INV09821,notebook
INV05631,clocks
INV00335,mouse
INV00983,smartphone
INV09186,monitor
INV07731,smartphone
INV03011,headphone
INV06201,mouse
INV04711,notebook
INV05030,monitor
INV03818,clocks
INV02394,desktop
INV03350,
INV04652,smartphone
INV03311,desktop
INV06161,smartphone
INV08180,headphone
INV02248,keyboard
INV08977,desktop
INV05562,headphone
INV04132,mouse
INV06152,notebook
INV07875,desktop
INV01205,smartphone
INV02294,headphone
INV00197,notebook
INV00707,keyboard
INV09457,mouse
INV07872,monitor
INV01122,mouse
INV07171,smartphone
INV08420,notebook
INV02957,keyboard
INV08195,monitor
INV02174,mouse
INV01637,smartphone
INV03269,notebook
INV05887,clocks
INV07488,smartphone
INV01977,mouse
INV01766,tablet
INV04984,mouse
INV02735,notebook
INV06652,smartphone
INV05797,keyboard
INV04789,clocks
INV04285,keyboard
INV06333,headphone
INV06008,mouse
INV05032,mouse
INV05735,headphone
INV03041,desktop
INV02993,smartphone
INV01762,monitor
INV01226,monitor
INV05029,mouse
INV02460,monitor
INV01924,notebook
INV05886,smartphone
INV05715,smartphone
INV02734,notebook
INV02691,mouse
INV09901,notebook
INV01444,notebook
INV00205,mouse
INV09047,smartphone
INV09365,headphone
INV07552,keyboard
INV05990,monitor
INV04332,desktop
INV04729,notebook
INV07725,smartphone
INV00469,headphone
INV04732,headphone
INV01178,smartphone
INV00086,mouse
INV03250,desktop
INV07019,mouse
INV05268,monitor
INV05399,monitor
INV05775,clocks
INV02652,keyboard
INV06758,notebook
INV05758,notebook
INV00172,headphone
INV04822,mouse
INV02857,smartphone
INV00020,keyboard
INV06075,keyboard
INV09179,keyboard
INV07626,notebook
INV04464,mouse
INV02474,smartphone
INV07753,headphone
INV02298,notebook
INV08879,desktop
INV03114,smartphone
INV03298,smartphone
INV04588,mouse
INV05000,mouse
INV07284,keyboard
INV08154,notebook
INV03595,smartphone
INV03896,headphone
INV08152,keyboard
INV07433,headphone
INV03031,keyboard
INV07193,notebook
INV01718,smartphone
INV00571,mouse
INV02147,tablet
INV01642,keyboard
INV06183,smartphone
INV07603,smartphone
INV09649,monitor
INV01168,headphone
INV03019,monitor
INV03340,keyboard
INV01486,notebook
INV03600,headphone
INV04545,desktop
INV01672,monitor
INV06134,tv
INV03630,notebook
INV07644,clocks
INV06382,headphone
INV00113,notebook
INV07269,smatphone
INV00479,smartphone
INV02131,smartphone
INV08467,keyboard
INV02858,smartphone
INV09555,monitor
INV03324,notebook
INV07380,smartphone
INV09739,desktop
INV05131,keyboard
INV08475,monitor
INV05303,mouse
INV02558,headphone
INV05474,clocks
INV07828,clocks
INV04103,clocks
INV02430,monitor
INV02903,key_board
INV00698,mouse
INV03368,mouse
INV09362,smartphone
INV01939,clocks
INV05493,keyboard
INV00390,headphone
INV00758,smartphone
INV02164,clocks
INV07595,keyboard
INV09657,mouse
INV05816,smartphone
INV09453,
INV04068,mouse
INV00453,smartphone
INV08064,mause
INV01082,monitor
INV08526,clocks
INV06312,keyboard
INV00800,clocks
INV02206,notebook
INV00708,smartphone
INV07140,keyboard
INV09245,smartphone
INV09711,notebook
INV02479,notebook
INV04816,notebook
INV04505,notebook
INV06044,clocks
INV09823,tablet
INV04873,notebook
INV00607,mouse
INV04585,desktop
INV02730,notebook
INV04641,keyboard
INV09142,mouse
INV08430,keyboard
INV06831,smartphone
INV05322,headphone
INV03105,smartphone
INV04220,smartphone
INV03402,smartphone
INV08173,smartphone
INV02580,smartphone
INV08372,mouse
INV00147,desktop
INV08257,clocks
INV01877,headphone
INV03449,notebook
INV07569,headphone
INV01112,mouse
INV00467,smartphone
INV00742,headphone
INV03567,smartphone
INV02215,monitor
INV08315,mouse
INV09095,clocks
INV01720,keyboard
INV03940,tv
INV01659,smartphone
INV06837,keyboard
INV07098,desktop
INV09925,desktop
INV03438,smartphone
INV00127,keyboard
INV09971,notebook
INV03794,headphone
INV06983,keyboard
INV00837,monitor
INV06074,mouse
INV04227,monitor
INV01069,smartphone
INV09860,mouse
INV03599,smartphone
INV05919,monitor
INV07001,smartphone
INV01627,printer
INV06398,desktop
INV00882,smartphone
INV01727,smartphone
INV05192,smartphone
INV05563,mouse
INV02738,smartphone
INV05622,monitor
INV05286,mouse
INV04411,notebook
INV05603,headphone
INV09183,desktop
INV02035,notebook
INV00142,keyboard
INV02413,mouse
INV03208,mouse
INV08184,headphone
INV02118,mouse
INV00083,printer
INV02478,desktop
INV04098,notebook
INV06066,smartphone
INV08268,smartphone
INV00885,keyboard
INV03202,smartphone
INV01459,notebook
INV00358,mouse
INV01616,notebook
INV08766,keyboard
INV07228,monitor
INV01719,desktop
INV07686,mouse
INV03027,
INV09289,smartphone
INV01352,clocks
INV06949,keyboard
INV08297,smartphone
INV07599,smartphone
INV07984,headphone
INV03768,mouse
INV09816,desktop
INV01969,keyboard
INV04165,keyboard
INV07574,keyboard
INV07294,key_board
INV02920,key_board
INV02649,desktop
INV06436,clocks
INV04082,notebook
INV05632,notebook
INV05363,smartphone
INV06318,mouse
INV05572,smartphone
INV04469,keyboard
INV09469,smartphone
INV05443,mouse
INV06890,headphone
INV04317,tablet
INV05780,mouse
INV07795,keyboard
INV03663,smartphone
INV05646,smatphone
INV08539,
INV04644,clocks
INV05136,notebook
INV03197,
INV00835,clocks
INV03579,keyboard
INV00496,smartphone
INV05931,headphone
INV02494,keyboard
INV05531,mouse
INV08228,clocks
INV04688,mouse
INV01180,smartphone
INV03583,keyboard
INV05131,mouse
INV04111,keyboard
INV01687,desktop
INV07901,monitor
INV03839,headphone
INV04729,mouse
INV07709,keyboard
INV05653,clocks
INV08733,keyboard
INV06467,monitor
INV02257,mouse
INV04728,mouse
INV05963,smartphone
INV05017,notebook
INV02609,mouse
INV06925,keyboard
INV00194,key_board
INV06199,mouse
INV02114,keyboard
INV01691,monitor
INV05340,keyboard
INV03419,keyboard
INV02265,keyboard
INV08530,desktop
INV00030,headphone
INV02356,smartphone
INV04645,keyboard
INV06558,keyboard
INV09631,printer
INV01952,notebook
INV04135,mouse
INV07669,keyboard
INV02037,clocks
INV09596,mouse
INV03775,headphone
INV01259,headphone
INV07031,headphone
INV06315,smartphone
INV08664,smartphone
INV08445,monitor
INV09116,keyboard
INV04708,smatphone
INV09498,desktop
INV04016,clocks
INV02150,keyboard
INV09467,smartphone
INV08218,notebook
INV03072,mouse
INV08785,headphone
INV01951,monitor
INV01327,notebook
INV08292,clocks
INV09834,desktop
INV01407,headphone
INV07179,monitor
INV08947,desktop
INV00701,keyboard
INV01563,key_board
INV01739,notebook
INV08656,smartphone
INV04601,headphone
INV00915,smartphone
INV07723,clocks
INV06137,keyboard
INV00115,smartphone
INV09115,monitor
INV03771,notebook
INV02959,mouse
INV03516,notebook
INV03009,monitor
INV08603,keyboard
INV00338,notebook
INV04197,mouse
INV02134,clocks
INV00474,smartphone
INV07158,mause
INV08956,tv
INV00841,notebook
INV09670,headphone
INV07099,keyboard
INV06195,mouse
INV04127,desktop
INV02041,smartphone
INV08088,notebook
INV01441,headphone
INV05476,headphone
INV08708,desktop
INV05570,mouse
INV08293,clocks
INV07975,headphone
INV04951,keyboard
INV05677,clocks
INV02121,smartphone
INV07106,clocks
INV00081,smartphone
INV00199,printer
INV09276,
INV06853,mouse
INV05559,monitor
INV01847,clocks
INV05860,
INV01797,
INV04166,monitor
INV06896,keyboard
INV04650,notebook
INV05806,printer
INV04590,notebook
INV02605,mouse
INV08411,smartphone
INV02910,smartphone
INV01304,notebook
INV01764,desktop
INV08855,headphone
INV05823,smartphone
INV02773,monitor
INV07655,keyboard
INV04214,desktop
INV07689,mouse
INV09851,headphone
INV09133,monitor
INV08640,smartphone
INV00621,keyboard
INV02636,mouse
INV06091,notebook
INV08149,clocks
INV07423,mouse
INV07035,headphone
INV03821,keyboard
INV08776,smartphone
INV08301,keyboard
INV04604,mouse
INV05610,smartphone
INV05243,mouse
INV03968,headphone
INV00409,notebook
INV01948,clocks
INV06648,keyboard
INV08624,smartphone
INV08241,keyboard
INV02510,smartphone
INV04512,mouse
INV01864,
INV04686,keyboard
INV03102,notebook
INV00839,clocks
INV00365,clocks
INV09943,keyboard
INV08177,headphone
INV02601,keyboard
INV07074,smartphone
INV08540,smartphone
INV00974,mouse
INV03251,monitor
INV05763,smartphone
INV09038,desktop
INV07677,monitor
INV06689,desktop
INV07261,notebook
INV04092,keyboard
INV00636,mouse
INV05252,mouse
INV01767,desktop
INV01145,headphone
INV09329,notebook
INV06009,desktop
INV03430,monitor
INV00622,smartphone
INV03468,keyboard
INV02843,notebook
INV05467,clocks
INV09613,mouse
INV02429,smartphone
INV03495,mouse
INV03463,headphone
INV09815,smartphone
INV08918,notebook
INV04046,tablet
INV04133,desktop
INV07665,headphone
INV07876,smartphone
INV08368,smartphone
INV09659,keyboard
INV01511,smartphone
INV05605,keyboard
INV09664,clocks
INV07031,smartphone
INV00487,smartphone
INV09134,keyboard
INV09562,keyboard
INV02039,headphone
INV05082,headphone
INV04550,keyboard
INV04976,notebook
INV08972,clocks
INV03610,smartphone
INV09797,mouse
INV03073,printer
INV02133,notebook
INV00544,keyboard
INV05965,mouse
INV05419,mouse
INV02019,keyboard
INV05868,mouse
INV01936,mouse
INV04783,
INV03448,smartphone
INV02579,monitor
INV00016,notebook
INV07463,headphone
INV03100,desktop
INV05661,smartphone
INV08869,notebook
INV02220,keyboard
INV01870,mouse
INV06860,desktop
INV01614,headphone
INV08419,clocks
INV07897,keyboard
INV09265,notebook
INV00515,tablet
INV05595,clocks
INV09480,notebook
INV08715,headphone
